1583
1583 6044 8972
6044 2157 1686
8972 6119 2231
2157 5025 8061
1686 9268 2430
6119 1870 7177
2231 7908 2950
5025 8731 7951
8061 7917 3408
9268 7068 6455
2430 5020 7879
1870 9939 7912
7177 7420 7921
7908 6388 917
2950 600 3093
8731 6552 2927
7951 3179 268
7917 9906 7382
3408 1783 631
7068 3144 5843
6455 9153 6524
5020 3596 588
7879 2994 9590
9939 9726 6606
7912 3448 826
7420 3792 1050
7921 2542 9431
6388 3331 7028
917 1125 5400
600 6765 4781
3093 838 731
6552 5631 2626
2927 1499 8840
3179 9327 1401
268 2109 8198
9906 5360 1248
7382 2495 2230
1783 5622 9789
631 311 2355
3144 1299 299
5843 1899 2000
9153 6677 2197
6524 7920 9248
3596 5057 9920
588 7917 9012
2994 911 4665
9590 8599 4915
9726 2923 5998
6606 4048 7267
3448 8558 5519
826 9130 9289
3792 6882 7186
1050 9222 1342
2542 7062 4482
9431 4442 9299
3331 1273 1542
7028 3449 9102
1125 2418 4182
5400 7326 9400
6765 4911 2921
4781 9478 2788
838 1789 6737
731 6188 3512
5631 8063 9353
2626 6821 8321
1499 2241 2670
8840 2238 1851
9327 4809 2944
1401 2937 7601
2109 4437 3050
8198 624 677
5360 395 3449
1248 7686 214
2495 2698 8364
2230 9173 2752
5622 6914 8321
9789 4206 9581
311 7959 6544
2355 7180 6506
1299 1203 6303
299 8900 8954
1899 2088 1635
2000 9144 6348
6677 5778 8669
2197 4112 27
7920 5563 4744
9248 9951 1673
5057 8359 2448
9920 9478 6131
7917 6620 3155
9012 9789 8126
911 5501 5900
4665 3275 8658
8599 7174 4441
4915 6622 6989
2923 3824 744
5998 894 2236
4048 6870 9855
7267 9861 7960
8558 104 5676
5519 8940 3892
9130 4889 2770
9289 6005 1305
6882 8852 4345
7186 7826 3970
9222 7683 7711
1342 9344 7151
7062 7026 1144
4482 3779 2879
4442 9704 232
9299 2420 1325
1273 2735 4148
1542 8817 7001
3449 2627 8745
9102 843 1881
2418 8999 188
4182 2471 9580
7326 4222 9603
9400 9419 383
4911 2921 5141
2921 4699 3582
9478 825 8079
2788 8827 3991
1789 4221 6810
6737 2867 4172
6188 5908 6203
3512 5109 6150
8063 2698 1619
9353 8376 8099
6821 2808 9782
8321 9463 2459
2241 6710 4477
2670 4226 3320
2238 9154 4799
1851 6459 5623
4809 6612 4121
2944 7856 9187
2937 338 7051
7601 5192 9868
4437 9085 9111
3050 5283 6015
624 6679 7272
677 4147 313
395 5894 2245
3449 1009 8028
7686 1803 1522
214 1853 3299
2698 986 4608
8364 1278 2622
9173 883 8191
2752 6617 2277
6914 5873 9027
8321 3211 4904
4206 5267 8042
9581 6470 8955
7959 2458 2995
6544 9810 4708
7180 8151 6369
6506 5682 4729
1203 1111 2966
6303 5085 4428
8900 6313 1563
8954 7374 8601
2088 4781 6084
1635 639 446
9144 546 2934
6348 6313 5037
5778 6273 9346
8669 2699 4405
4112 1946 4283
27 6139 4809
5563 9362 9945
4744 2794 8159
9951 8774 605
1673 1081 7162
8359 3432 5163
2448 955 6864
9478 1123 1587
6131 2227 4894
6620 1566 4010
3155 1189 1981
9789 7393 5504
8126 5847 4309
5501 9430 8495
5900 8522 9738
3275 2419 7266
8658 1120 5015
7174 9452 157
4441 559 8784
6622 7985 75
6989 8519 7528
3824 2065 4757
744 2726 3144
894 6956 4696
2236 2353 7738
6870 7105 9574
9855 9177 652
9861 9465 9291
7960 5049 6523
104 80 2557
5676 6638 6422
8940 8492 15
3892 7445 612
4889 3804 1448
2770 8921 8595
6005 7247 3208
1305 4253 5018
8852 5508 5535
4345 232 4927
7826 4309 4241
3970 7037 4582
7683 4346 9464
7711 6411 4657
9344 4423 6659
7151 6939 881
7026 1930 3154
1144 6049 5542
3779 6366 5362
2879 2230 3165
9704 8822 8821
232 7914 7904
2420 602 8428
1325 8033 9925
2735 686 1808
4148 1393 766
8817 8299 9687
7001 760 7849
2627 3191 1604
8745 3538 7984
843 8157 7762
1881 1150 8049
8999 7842 3210
188 5248 6883
2471 6870 8539
9580 5887 7175
4222 6066 8176
9603 949 4125
9419 4424 6087
383 6612 958
2921 5171 7969
5141 19 3713
4699 562 1892
3582 8885 3158
825 213 6987
8079 6088 1959
8827 375 9989
3991 2705 4728
4221 6192 14
6810 6051 3300
2867 540 1117
4172 6993 7488
5908 190 653
6203 1846 3108
5109 6685 9310
6150 1903 6240
2698 3377 2643
1619 5090 1599
8376 7416 3264
8099 1100 8783
2808 4845 4668
9782 853 6013
9463 5873 2007
2459 3722 2824
6710 483 8501
4477 8254 3963
4226 1964 1835
3320 5301 6785
9154 147 6900
4799 8400 579
6459 675 1949
5623 5144 318
6612 3759 1302
4121 3889 5040
7856 8756 6321
9187 2876 1331
338 6009 2852
7051 7626 4247
5192 3313 6335
9868 5227 817
9085 5140 1353
9111 8004 7843
5283 7382 1454
6015 9486 4910
6679 3327 962
7272 6980 2442
4147 9306 6516
313 8879 9018
5894 483 2978
2245 8698 2878
1009 4277 8712
8028 5241 6327
1803 5794 6300
1522 5519 8041
1853 9152 4953
3299 5553 5503
986 1399 5620
4608 5415 4987
1278 8401 9747
2622 1475 9854
883 1299 2996
8191 5226 6767
6617 2815 7653
2277 1779 1963
5873 341 2789
9027 524 3747
3211 8847 7649
4904 2010 6602
5267 2498 1926
8042 4633 7120
6470 4345 8179
8955 3600 673
2458 5693 5606
2995 1153 1195
9810 2116 1258
4708 4980 8494
8151 4823 5307
6369 1052 6721
5682 1764 4505
4729 1777 2366
1111 6737 129
2966 4285 7176
5085 8894 6632
4428 70 3490
6313 6474 6536
1563 9150 848
7374 9872 244
8601 5521 910
4781 6051 8101
6084 8589 5244
639 8427 35
446 3228 1585
546 7873 4600
2934 4490 8362
6313 3460 7603
5037 7881 8155
6273 3159 5335
9346 8374 3982
2699 3182 1574
4405 2943 4760
1946 2247 2185
4283 5779 3787
6139 7181 6564
4809 4682 746
9362 8849 1775
9945 4930 6845
2794 1620 6798
8159 1458 2737
8774 1942 8051
605 9511 9373
1081 8933 7262
7162 2392 7282
3432 2636 9368
5163 3604 2008
955 6750 6061
6864 1594 5364
1123 6020 6326
1587 8867 7266
2227 4235 3534
4894 6119 5773
1566 7798 2034
4010 8414 9815
1189 4949 7758
1981 3858 5331
7393 9349 2960
5504 8177 8977
5847 2303 9646
4309 5445 4283
9430 3024 3549
8495 6507 9017
8522 8690 4941
9738 5336 7557
2419 7876 4344
7266 3528 9947
1120 205 9441
5015 41 7527
9452 8045 600
157 8726 5972
559 2661 1098
8784 6301 1321
7985 8999 8677
75 8435 4569
8519 7483 8586
7528 4216 8439
2065 6178 3878
4757 8875 930
2726 1485 2860
3144 5809 2780
6956 6773 4207
4696 4366 3890
2353 524 4229
7738 6147 6658
7105 4597 553
9574 3997 12
9177 7609 5617
652 5661 5314
9465 4226 1561
9291 1096 5338
5049 1007 6086
6523 4965 4774
80 807 176
2557 4805 4097
6638 6342 2709
6422 9987 1318
8492 8076 6666
15 2208 2218
7445 2087 4629
612 2249 5125
3804 1104 5022
1448 7839 928
8921 5804 8138
8595 5432 8459
7247 2589 3785
3208 8349 1534
4253 8526 4902
5018 1310 2398
5508 8196 3471
5535 7655 9199
232 6364 3208
4927 3085 4798
4309 8137 3919
4241 7508 9691
7037 471 9152
4582 1114 4587
4346 884 5581
9464 7218 2829
6411 6053 4631
4657 5845 2354
4423 7257 9920
6659 9890 3898
6939 3693 9306
881 3757 1524
1930 1620 6622
3154 5598 2859
6049 8361 4305
5542 6319 3821
6366 9813 3799
5362 4364 635
2230 9898 1612
3165 6289 9585
8822 3052 2141
8821 9285 3323
7914 196 9028
7904 6047 98
602 7673 2626
8428 2670 3468
8033 4950 8433
9925 3383 5171
686 1215 2684
1808 4406 7754
1393 7759 6451
766 8744 4734
8299 7133 9786
9687 3347 6096
760 464 7160
7849 3560 1665
3191 9813 7858
1604 2711 1342
3538 7868 3682
7984 7100 3703
8157 9719 346
7762 6157 3646
1150 7874 3063
8049 4112 9024
7842 1522 1760
3210 1500 1479
5248 3728 6123
6883 5536 9469
6870 3555 6037
8539 2793 6285
5887 7096 7374
7175 6639 8847
6066 7280 4470
8176 8548 7234
949 8255 9085
4125 1294 3389
4424 5683 395
6087 4412 7393
6612 1192 2387
958 7049 9658
5171 1335 4530
7969 2994 3895
19 8991 7300
3713 8244 8697
562 8296 7718
1892 8413 3240
8885 3127 9935
3158 3743 8081
213 4854 3149
6987 5039 4952
6088 1057 5742
1959 6952 8493
375 1110 3024
9989 2572 5092
2705 8904 2064
4728 4999 4086
6192 8813 3241
14 6242 9561
6051 8275 3937
3300 4666 4366
540 7845 2126
1117 6099 7774
6993 2429 6342
7488 1054 4688
190 2317 6355
653 4596 6498
1846 755 7958
3108 5379 267
6685 2481 7716
9310 3328 7540
1903 7115 8081
6240 7454 833
3377 2630 8301
2643 7465 1823
5090 9851 1559
1599 3289 7149
7416 8187 5619
3264 8300 2407
1100 5654 6314
8783 9672 5286
4845 2314 3058
4668 3145 7404
853 3279 1874
6013 3305 1531
5873 8110 7808
2007 5720 7529
3722 116 6649
2824 4186 9668
483 8882 5507
8501 4882 7728
8254 7307 3013
3963 8420 9605
1964 8492 2981
1835 3608 9640
5301 294 7570
6785 5273 6632
147 2703 5516
6900 8998 1865
8400 1221 668
579 1128 883
675 9342 6316
1949 3919 7565
5144 167 6172
318 2979 289
3759 6147 5702
1302 88 7275
3889 4403 692
5040 6223 4746
8756 6082 436
6321 8319 9911
2876 3257 4947
1331 173 106
6009 7395 2033
2852 7809 6245
7626 6189 1410
4247 6167 1110
3313 754 4281
6335 932 1985
5227 8061 5817
817 212 3813
5140 4198 5068
1353 5437 5061
8004 3328 4482
7843 5608 8736
7382 1274 6355
1454 4376 3287
9486 7272 1233
4910 7598 9944
3327 6049 762
962 1743 672
6980 4966 5350
2442 5877 1638
9306 3289 4549
6516 6525 1561
8879 7947 2996
9018 6077 5900
483 5606 4184
2978 5002 3602
8698 8128 8347
2878 7442 3760
4277 6105 1445
8712 2950 8755
5241 9299 3089
6327 457 6626
5794 5930 4224
6300 558 1636
5519 7556 3586
8041 317 7272
9152 3760 3826
4953 7990 5597
5553 278 1117
5503 5816 7932
1399 1525 1386
5620 8291 8555
5415 7863 9409
4987 5962 6586
8401 6660 282
9747 234 936
1475 110 3444
9854 7555 326
1299 6286 7484
2996 1646 3207
5226 1127 350
6767 4579 4155
2815 2024 186
7653 7712 238
1779 3252 1000
1963 857 8738
341 8769 1215
2789 1800 863
524 6519 972
3747 8488 3636
8847 299 9171
7649 1468 1208
2010 7450 3719
6602 8061 25
2498 7557 6020
1926 6664 1341
4633 3235 92
7120 7819 6744
4345 8748 4148
8179 8339 1117
3600 1322 2552
673 701 8121
5693 6897 4523
5606 715 3447
1153 1567 1720
1195 1590 8017
2116 1227 8525
1258 335 2600
4980 3046 7775
8494 4928 2702
4823 2019 4590
5307 4032 2101
1052 7224 4331
6721 3319 943
1764 7146 410
4505 5824 1136
1777 5851 5368
2366 7877 1938
6737 2352 7898
129 9970 2691
4285 8273 4615
7176 4993 6791
8894 5214 8390
6632 4510 7005
70 7355 9366
3490 801 6077
6474 7170 2124
6536 6934 9257
9150 1144 9075
848 1983 4069
9872 6358 2138
244 1077 5244
5521 9739 1174
910 4163 8982
6051 1020 9993
8101 6552 8705
8589 5249 5711
5244 3005 3879
8427 2087 6403
35 3408 2417
3228 1330 1883
1585 6056 5123
7873 7399 9197
4600 4033 547
4490 7251 5746
8362 41 1991
3460 6717 9067
7603 6903 9270
7881 7810 7845
8155 9355 3659
3159 5765 2449
5335 2196 1443
8374 5748 3673
3982 3168 5288
3182 2103 2578
1574 8918 3064
2943 1755 4198
4760 6659 2112
2247 5216 7292
2185 8336 2785
5779 9790 5831
3787 3841 506
7181 4006 3933
6564 384 5247
4682 8057 6288
746 1819 9394
8849 3958 4028
1775 9955 2393
4930 6025 1863
6845 1874 4221
1620 5936 8604
6798 9930 4826
1458 4596 889
2737 9983 6767
1942 2355 1197
8051 6634 907
9511 2274 3735
9373 8863 4390
8933 340 6941
7262 6294 4464
2392 7080 6806
7282 1080 4658
2636 5232 9860
9368 656 3759
3604 3124 72
2008 9863 7932
6750 1135 4546
6061 8256 8793
1594 8775 213
5364 6201 8886
6020 8352 6873
6326 7651 4792
8867 6207 7083
7266 5312 7533
4235 4048 9078
3534 4965 177
6119 5799 6747
5773 5860 3972
7798 1332 6052
2034 6367 2133
8414 5470 6723
9815 9426 8202
4949 3768 1061
7758 9922 1691
3858 3260 4802
5331 5548 7376
9349 7918 6646
2960 9184 5818
8177 5642 478
8977 3177 4973
2303 7761 6631
9646 8516 8037
5445 6264 5542
4283 8918 7291
3024 3582 7752
3549 1119 3338
6507 3983 715
9017 923 903
8690 6047 1683
4941 8947 9193
5336 7178 9619
7557 8003 1263
7876 8951 5671
4344 6563 2799
3528 1596 7217
9947 1219 1791
205 2326 7704
9441 6275 9861
41 3430 7868
7527 988 5950
8045 4546 4746
600 6536 2834
8726 8642 2669
5972 6318 9679
2661 4380 7973
1098 9579 6108
6301 6921 6867
1321 1994 8133
8999 2502 3636
8677 7488 3911
8435 4382 9212
4569 4417 5472
7483 3677 2039
8586 163 935
4216 8583 9959
8439 4688 4383
6178 4645 2080
3878 4220 9383
8875 3425 6377
930 6219 890
1485 8654 7377
2860 4754 3623
5809 4185 746
2780 2363 5619
6773 4972 2434
4207 8194 6483
4366 8976 5945
3890 5331 4631
524 797 9154
4229 7670 8499
6147 9836 3020
6658 5456 4685
4597 8278 7643
553 7220 5862
3997 6193 7514
12 3923 9991
7609 6713 799
5617 1438 8736
5661 481 9179
5314 2102 1896
4226 1184 8054
1561 178 6960
1096 4118 4212
5338 7032 8036
1007 6620 6126
6086 1644 1199
4965 7938 8728
4774 5034 3267
807 2762 6940
176 2996 6494
4805 8526 1528
4097 8789 2851
6342 4791 8634
2709 1615 6518
9987 1522 1205
1318 5434 6059
8076 5505 5272
6666 2478 7137
2208 7537 4825
2218 3175 7341
2087 4777 3117
4629 6080 6523
2249 7063 8159
5125 7803 4593
1104 7831 3739
5022 5481 9650
7839 8932 1387
928 8146 2759
5804 485 3420
8138 7057 1890
5432 1750 7084
8459 6253 1193
2589 2770 1822
3785 2944 3232
8349 755 6433
1534 3813 5933
8526 6126 9102
4902 2964 1310
1310 4084 1210
2398 3345 5944
8196 6391 2655
3471 4954 2322
7655 5995 8759
9199 5415 7609
6364 2774 377
3208 5507 7463
3085 4545 2508
4798 8978 9964
8137 2509 3267
3919 8733 151
7508 3163 8883
9691 5196 5161
471 4784 9039
9152 2465 1318
1114 3326 4714
4587 7101 1344
884 2664 6538
5581 3855 9654
7218 4905 8711
2829 3606 123
6053 1403 2986
4631 7467 2418
5845 4684 4501
2354 3695 8171
7257 3546 4708
9920 5279 174
9890 4605 7445
3898 4804 8271
3693 9768 140
9306 6257 8035
3757 1394 4213
1524 4674 754
1620 7904 37
6622 908 5083
5598 3924 3081
2859 1297 397
8361 143 5437
4305 739 5352
6319 3308 4527
3821 5293 4483
9813 4494 7422
3799 8673 3169
4364 5153 4425
635 863 130
9898 6655 151
1612 9526 5132
6289 3798 5995
9585 8895 6846
3052 9282 7963
2141 2271 8177
9285 4238 6380
3323 7723 4087
196 4171 1134
9028 7148 9752
6047 9879 5443
98 2142 1298
7673 4623 8099
2626 7082 136
2670 1789 4290
3468 8177 8326
4950 2184 2106
8433 5519 4229
3383 8499 4384
5171 7943 2815
1215 6901 4011
2684 997 2016
4406 1317 295
7754 8762 831
7759 8163 4397
6451 2273 9762
8744 6661 9320
4734 7752 8127
7133 5375 1995
9786 2930 7783
3347 9131 3033
6096 7373 9055
464 5769 3150
7160 5616 1331
3560 2831 2956
1665 7825 9905
9813 4486 3772
7858 8759 8277
2711 178 4445
1342 951 5133
7868 8500 6130
3682 523 5913
7100 1757 4885
3703 9825 2929
9719 6989 9697
346 7774 1188
6157 1810 1037
3646 3613 643
7874 4986 8825
3063 7273 1054
4112 6261 4177
9024 72 5415
1522 8712 7596
1760 4319 6096
1500 2720 4170
1479 2734 9081
3728 940 38
6123 1639 4324
5536 3605 1131
9469 3360 4891
3555 2619 2563
6037 106 6899
2793 6133 175
6285 8218 2415
7096 2700 5111
7374 2162 5187
6639 5528 2971
8847 1197 1494
7280 124 8260
4470 7417 2803
8548 8395 3491
7234 3744 7521
8255 2900 9117
9085 9381 1684
1294 8267 1573
3389 9564 7313
5683 6478 1242
395 8945 3129
4412 3413 4430
7393 3949 6982
1192 6588 8511
2387 6921 6900
7049 2946 6611
9658 7890 2828
1335 2179 8978
4530 7322 29
2994 8536 3525
3895 1306 5059
8991 712 2721
7300 7964 6794
8244 5013 9415
8697 5669 1381
8296 6887 6562
7718 5676 5635
8413 3648 3151
3240 7423 1020
3127 3479 2383
9935 8362 7762
3743 5509 7977
8081 2390 6706
4854 7643 470
3149 6231 2763
5039 9324 5047
4952 234 7111
1057 9898 9135
5742 9097 6899
6952 453 8106
8493 3191 4773
1110 2270 7164
3024 1103 7519
2572 8212 9406
5092 2530 5798
8904 7650 738
2064 2287 7746
4999 3496 5707
4086 4652 7228
8813 2613 9950
3241 6311 4271
6242 2037 3862
9561 7760 118
8275 7759 4554
3937 5190 562
4666 6284 6479
4366 4958 3818
7845 2049 7406
2126 1828 6314
6099 6575 2579
7774 7324 3047
2429 6046 3030
6342 996 3308
1054 4613 4549
4688 3637 7145
2317 5216 8098
6355 1600 8731
4596 4079 827
6498 1756 2706
755 5882 5417
7958 8421 4256
5379 6608 867
267 9567 9420
2481 6829 5189
7716 3434 6557
3328 8918 6036
7540 6150 5814
7115 2200 7504
8081 9678 4772
7454 1824 8362
833 3808 4402
2630 6192 4283
8301 2970 4971
7465 5713 3661
1823 1429 702
9851 4903 3473
1559 7045 1838
3289 4097 8126
7149 6688 5453
8187 5050 8972
5619 8738 6489
8300 7472 4306
2407 2017 7832
5654 6557 3363
6314 8316 4955
9672 7783 9153
5286 1815 5762
2314 7822 9754
3058 4857 6344
3145 9666 2343
7404 804 7832
3279 3431 3199
1874 8065 4056
3305 1058 7725
1531 9807 7809
8110 3112 4202
7808 5015 1824
5720 83 5324
7529 1102 9454
116 3365 2073
6649 5635 770
4186 7713 834
9668 5233 3030
8882 6308 4364
5507 6065 5949
4882 7500 4709
7728 2591 6101
7307 292 8198
3013 1895 5122
8420 8777 1578
9605 4561 1698
8492 7790 5769
2981 5711 8392
3608 8813 3264
9640 4341 2105
294 9781 9580
7570 5403 7652
5273 9892 3770
6632 417 3197
2703 2515 5985
5516 3911 2162
8998 7794 9871
1865 9018 2875
1221 7206 6297
668 3386 3556
1128 181 5599
883 5012 8509
9342 2126 6712
6316 3789 9200
3919 6046 616
7565 6914 879
167 1044 4494
6172 2700 6965
2979 8319 2983
289 6632 4349
6147 6662 1371
5702 9855 1098
88 5833 8114
7275 2543 5543
4403 611 6778
692 94 103
6223 3425 4259
4746 8181 1500
6082 9363 6120
436 6407 6170
8319 355 6672
9911 3794 2990
3257 9371 3514
4947 6191 9388
173 7174 6112
106 2983 1827
7395 369 7573
2033 4742 2044
7809 5108 762
6245 356 2896
6189 3913 2641
1410 4829 2503
6167 899 8947
1110 8606 6803
754 9346 6436
4281 6471 6820
932 5637 1022
1985 533 3372
8061 1087 6488
5817 7212 6545
212 7443 805
3813 8462 5906
4198 8402 613
5068 1337 7156
5437 1908 179
5061 8778 5658
3328 9395 3923
4482 2781 9499
5608 7072 5668
8736 6404 2756
1274 2401 2054
6355 8687 872
4376 599 8186
3287 8541 5036
7272 1142 3479
1233 5936 8602
7598 9591 7113
9944 5860 4480
6049 7785 4201
762 158 8884
1743 6969 2359
672 4609 570
4966 6883 6052
5350 331 5364
5877 5919 8123
1638 6448 1894
3289 4654 5227
4549 7242 7617
6525 5657 6781
1561 5090 8172
7947 7434 7765
2996 8527 1200
6077 6242 9887
5900 1390 5171
5606 2938 8823
4184 2598 8486
5002 2879 2865
3602 4778 5210
8128 5220 8753
8347 7369 7833
7442 9857 1708
3760 7875 7075
6105 2936 3274
1445 6393 2142
2950 4957 5560
8755 1470 2424
9299 2544 7137
3089 5622 6189
457 4639 8776
6626 5584 7693
5930 2912 8275
4224 3665 7027
558 6392 8450
1636 6623 6369
7556 4184 2066
3586 8135 5562
317 6172 241
7272 8378 2384
3760 6370 7268
3826 1615 5976
7990 3713 3479
5597 633 9485
278 7336 4857
1117 1783 8600
5816 8546 8217
7932 418 9331
1525 4107 2888
1386 950 9047
8291 731 6792
8555 5977 2834
7863 3961 4507
9409 6628 5812
5962 8052 6265
6586 2002 7059
6660 3868 4170
282 4727 4008
234 3256 7163
936 8239 5206
110 1485 3648
3444 471 5280
7555 5753 7701
326 6107 143
6286 4060 2802
7484 4271 7628
1646 3872 4555
3207 9027 706
1127 8725 6257
350 6313 2169
4579 5265 407
4155 9624 1117
2024 3575 5716
186 5912 3163
7712 8819 6618
238 1601 939
3252 9027 1394
1000 7398 6065
857 7108 939
8738 8385 9702
8769 9127 7423
1215 5237 4804
1800 1516 9331
863 8258 7815
6519 5685 7082
972 1797 6732
8488 2612 7408
3636 3454 7105
299 9290 8580
9171 9149 521
1468 8690 7277
1208 8364 724
7450 8174 5737
3719 6724 7721
8061 3240 6891
25 133 5673
7557 5335 8095
6020 4308 7027
6664 274 6239
1341 653 3334
3235 3494 1934
92 2136 6514
7819 5871 8123
6744 2633 7776
8748 6184 1361
4148 347 4766
8339 9774 293
1117 1505 6134
1322 7743 6658
2552 9884 7752
701 4965 7621
8121 7222 225
6897 6294 5877
4523 2013 1241
715 7112 8391
3447 2055 9132
1567 2965 7621
1720 7708 9061
1590 2915 270
8017 2341 8319
1227 1906 3350
8525 8899 756
335 865 236
2600 4570 6962
3046 2079 8463
7775 4609 971
4928 2397 8494
2702 3971 8288
2019 1102 5188
4590 280 1823
4032 5865 5706
2101 7973 7862
7224 8217 1341
4331 3456 8091
3319 3906 2482
943 7686 9764
7146 1224 5882
410 872 8497
5824 7057 2053
1136 3795 2727
5851 7855 6646
5368 6561 2277
7877 4062 3636
1938 3815 8416
2352 5143 7820
7898 4224 7064
9970 9996 3397
2691 7957 6511
8273 2224 8175
4615 4612 6224
4993 848 9282
6791 9504 4855
5214 6568 6547
8390 8260 7331
4510 797 2840
7005 9912 3690
7355 7213 6760
9366 2248 2195
801 1562 4812
6077 8079 2804
7170 5563 6493
2124 8314 3862
6934 7680 4572
9257 1656 5613
1144 4874 5722
9075 2544 8788
1983 3615 6692
4069 6031 2434
6358 2112 7055
2138 5136 6101
1077 8826 1290
5244 9986 610
9739 9674 1324
1174 3476 2284
4163 8984 2392
8982 979 7834
1020 199 3504
9993 4502 8839
6552 2629 9351
8705 1616 8677
5249 4427 3497
5711 6173 1559
3005 4257 7680
3879 7487 121
2087 2159 229
6403 366 8531
3408 6835 6128
2417 9511 4513
1330 8813 820
1883 7827 9638
6056 9444 250
5123 7461 8534
7399 4860 3681
9197 5297 6610
4033 5657 9157
547 5116 5679
7251 405 7324
5746 9845 4327
41 9372 3564
1991 9197 9174
6717 984 9638
9067 3045 1436
6903 6272 9636
9270 4481 1525
7810 295 151
7845 677 6524
9355 8462 659
3659 8863 9310
5765 2996 856
2449 402 7064
2196 7759 701
1443 3804 8875
5748 3543 1164
3673 7341 5222
3168 3413 7862
5288 8702 6572
2103 2245 5204
2578 8181 6032
8918 4692 5414
3064 7954 890
1755 2585 2841
4198 6389 5420
6659 7634 4703
2112 6664 5999
5216 5856 5966
7292 5616 9858
8336 4474 2473
2785 284 4825
9790 1431 5497
5831 7024 4549
3841 3153 7663
506 2918 347
4006 5091 7192
3933 8753 514
384 6167 1731
5247 7666 1713
8057 8525 1713
6288 9997 8127
1819 3059 9516
9394 5130 1543
3958 9216 9251
4028 4811 523
9955 701 9354
2393 5606 246
6025 120 3661
1863 1049 3611
1874 8413 5361
4221 5109 52
5936 6169 2002
8604 9099 6230
9930 4666 8105
4826 9158 8151
4596 8494 8962
889 9122 1360
9983 8221 6298
6767 9389 2978
2355 607 6683
1197 3087 7448
6634 5222 5555
907 618 1497
2274 7759 4236
3735 5182 5643
8863 783 6834
4390 4578 6248
340 5167 6352
6941 2021 8291
6294 166 76
4464 7855 734
7080 4439 5292
6806 4795 6398
1080 7467 4643
4658 7153 3125
5232 9417 6801
9860 3567 9475
656 2004 6170
3759 1871 2633
3124 5787 5054
72 8457 3890
9863 8022 2653
7932 5589 1953
1135 5751 5346
4546 9882 7184
8256 7711 5606
8793 1409 1881
8775 3404 7376
213 9359 2572
6201 7599 7654
8886 9028 4097
8352 7523 1296
6873 3238 8536
7651 3283 242
4792 5573 6519
6207 9476 2746
7083 1351 9633
5312 205 9900
7533 2172 3674
4048 9463 4186
9078 6249 7914
4965 4480 3426
177 9920 4396
5799 7184 9698
6747 1691 9041
5860 571 9126
3972 6150 7093
1332 1702 5410
6052 324 811
6367 518 8185
2133 8259 3504
5470 8701 6516
6723 3789 3698
9426 5204 6006
8202 8499 681
3768 5585 2750
1061 8875 7566
9922 1366 849
1691 665 6815
3260 9892 2061
4802 1080 5664
5548 4875 7331
7376 4314 5589
7918 7138 1087
6646 3369 1362
9184 9215 4463
5818 1246 8400
5642 8070 1686
478 3261 8984
3177 4851 5805
4973 3047 2840
7761 6057 6423
6631 2208 388
8516 5733 3521
8037 3283 137
6264 1649 5134
5542 7926 2662
8918 2202 1386
7291 679 8490
3582 578 8857
7752 9706 5693
1119 8448 8803
3338 1823 7130
3983 928 4305
715 3269 5398
923 4669 8502
903 7756 366
6047 8444 7695
1683 3330 3889
8947 8699 4157
9193 5311 346
7178 4936 8015
9619 4110 8371
8003 2797 2135
1263 650 920
8951 386 379
5671 9869 6373
6563 586 2650
2799 9295 1151
1596 2739 1863
7217 9794 557
1219 6371 5782
1791 2066 9476
2326 2943 9270
7704 4776 9359
6275 2498 4769
9861 6588 7061
3430 2324 155
7868 5992 1541
988 3995 2443
5950 4727 7051
4546 8337 3396
4746 8227 3414
6536 455 8415
2834 8273 9968
8642 3090 6077
2669 6011 6567
6318 2361 836
9679 6683 7358
4380 6874 2685
7973 6079 4422
9579 9783 9983
6108 3427 7465
6921 3194 5786
6867 7097 1715
1994 7458 9350
8133 8135 4761
2502 6743 1015
3636 9567 6047
7488 482 227
3911 9971 3538
4382 5473 7602
9212 1289 488
4417 4051 4358
5472 7476 1471
3677 7455 21
2039 3220 3162
163 8776 7017
935 4902 3705
8583 9172 5904
9959 6018 2088
4688 98 7795
4383 3582 5555
4645 9958 7134
2080 6642 345
4220 4753 8035
9383 6011 2219
3425 2548 2822
6377 3745 2949
6219 1133 1966
890 2794 8657
8654 2557 1637
7377 8392 6710
4754 9844 3565
3623 5158 5062
4185 1223 4324
746 2990 5681
2363 1601 6686
5619 4196 2572
4972 3814 2460
2434 7843 9309
8194 5384 64
6483 8152 6629
8976 8655 7812
5945 4447 6284
5331 6234 2823
4631 372 1756
797 9239 8073
9154 1892 4062
7670 5 7108
8499 7839 949
9836 3865 3367
3020 106 7161
5456 4072 8650
4685 1128 7539
8278 5270 6166
7643 4828 6155
7220 7245 7540
5862 4183 3987
6193 421 1221
7514 403 8663
3923 2107 9124
9991 6107 775
6713 3946 8470
799 9027 695
1438 3614 8450
8736 9196 4486
481 3138 9466
9179 2798 6912
2102 8273 6871
1896 3469 4284
1184 2579 3398
8054 2358 3220
178 3972 5679
6960 6083 6997
4118 2011 649
4212 1859 8823
7032 8956 9441
8036 7672 6811
6620 470 9496
6126 4458 4255
1644 8899 2949
1199 1730 3736
7938 4861 2568
8728 3938 8143
5034 3559 6673
3267 3342 627
2762 6233 6328
6940 1765 6726
2996 7594 8524
6494 6425 4480
8526 556 9532
1528 3653 4696
8789 4809 7674
2851 6305 3706
4791 1167 798
8634 5224 2276
1615 5350 6034
6518 2274 4548
1522 4544 8100
1205 7632 435
5434 1759 9968
6059 4896 8918
5505 4610 2630
5272 4034 6604
2478 6287 5310
7137 3378 9800
7537 3086 6451
4825 9279 6819
3175 3924 1623
7341 9219 7688
4777 4353 9354
3117 3809 5904
6080 5425 7437
6523 1695 4782
7063 2851 8523
8159 8228 2138
7803 1643 7595
4593 4800 3444
7831 3566 5374
3739 1200 4825
5481 5726 8579
9650 9208 538
8932 6264 6004
1387 9521 8312
8146 1410 5076
2759 7084 9508
485 1283 7215
3420 2033 8809
7057 4482 6538
1890 5352 5391
1750 59 6919
7084 1164 4976
6253 2030 865
1193 822 1149
2770 3374 1966
1822 1080 6704
2944 1747 9582
3232 3708 8035
755 3411 8957
6433 5942 124
3813 5329 4270
5933 8384 9306
6126 8231 6545
9102 5496 6855
2964 265 8577
1310 9355 7077
4084 6629 9657
1210 4790 4335
3345 8635 1502
5944 6132 2399
6391 2727 3943
2655 9262 144
4954 6600 6519
2322 4791 8197
5995 5904 5543
8759 1548 762
5415 1890 9952
7609 438 4975
2774 9236 5456
377 5683 1875
5507 1682 9839
7463 8661 7525
4545 1711 4214
2508 5617 8648
8978 8552 8698
9964 3295 7216
2509 8555 7404
3267 6010 2593
8733 8596 7956
151 850 1657
3163 2936 107
8883 9465 8140
5196 2303 2231
5161 9949 5426
4784 6036 9006
9039 2107 5703
2465 826 3691
1318 7796 3647
3326 7746 1375
4714 7198 1251
7101 6318 6151
1344 1316 8314
2664 1839 6944
6538 4081 9686
3855 8014 3786
9654 9276 4113
4905 9332 2081
8711 6704 7480
3606 1158 2102
123 5474 7838
1403 1820 469
2986 2630 6732
7467 9534 9330
2418 3424 2314
4684 924 3098
4501 8694 3474
3695 3442 388
8171 5538 4939
3546 6572 1240
4708 5712 3119
5279 58 344
174 4583 793
4605 3811 4129
7445 117 8669
4804 2278 4694
8271 4675 1907
9768 2187 9353
140 5400 388
6257 1844 9243
8035 6379 2424
1394 334 15
4213 813 9137
4674 3687 2807
754 6427 3998
7904 6877 3219
37 2606 6512
908 9335 7805
5083 7434 1072
3924 9534 1296
3081 6421 5001
1297 7102 3935
397 1902 5486
143 1495 8115
5437 8459 6382
739 9910 9364
5352 3445 5978
3308 8781 4085
4527 8774 5024
5293 7644 4023
4483 624 7259
4494 7780 1371
7422 5592 4781
8673 7728 2768
3169 7526 5648
5153 4037 1566
4425 1770 788
863 1633 516
130 1642 1397
6655 1669 4038
151 6727 888
9526 7419 7436
5132 7016 5219
3798 8640 6142
5995 2649 4339
8895 5146 5090
6846 5643 1664
9282 3049 6650
7963 4690 913
2271 5341 7345
8177 9967 201
4238 7775 600
6380 5382 1954
7723 9571 1277
4087 4386 5127
4171 1152 2960
1134 7729 8149
7148 7516 8828
9752 8699 4041
9879 888 5432
5443 2632 6658
2142 3805 5271
1298 4241 6710
4623 2528 6858
8099 9352 8384
7082 1691 1864
136 3414 8934
1789 2042 3639
4290 3793 9729
8177 5106 7652
8326 8356 2121
2184 3143 5022
2106 8377 1769
5519 836 3149
4229 4518 4964
8499 7648 8782
4384 611 1424
7943 1221 6111
2815 3943 2876
6901 6528 9776
4011 5447 449
997 2072 4579
2016 4881 5699
1317 6021 7399
295 4927 8343
8762 4472 4018
831 497 6458
8163 8727 2251
4397 3658 1693
2273 9128 7799
9762 2974 9288
6661 6847 1768
9320 4589 9452
7752 7988 6303
8127 3654 8174
5375 731 1693
1995 3426 2951
2930 9962 9235
7783 9972 4983
9131 4278 1238
3033 706 8471
7373 4570 9782
9055 7554 3367
5769 4557 2903
3150 4785 928
5616 7392 8660
1331 6818 9149
2831 4053 6343
2956 986 8565
7825 3369 8110
9905 4916 5186
4486 5042 7272
3772 128 5092
8759 6718 8573
8277 1368 7832
178 3390 8292
4445 9471 6268
951 5624 9286
5133 606 1544
8500 7497 6590
6130 2431 2143
523 1614 6650
5913 3494 7503
1757 7495 476
4885 281 2480
9825 3339 2995
2929 6518 8888
6989 2390 7984
9697 5956 4746
7774 966 420
1188 2734 8211
1810 2681 1161
1037 6951 8662
3613 5059 1781
643 1262 3484
4986 9141 9880
8825 4673 7674
7273 3424 9304
1054 6626 7348
6261 7107 3726
4177 8469 2230
72 3900 3550
5415 1661 8113
8712 4643 2447
7596 5683 1209
4319 6355 2891
6096 5635 6873
2720 4106 3370
4170 2284 4228
2734 7569 8141
9081 8711 4608
940 1989 7874
38 8433 5232
1639 369 8757
4324 4101 8881
3605 3584 5857
1131 6597 7197
3360 1006 9895
4891 4297 3571
2619 9541 6846
2563 955 7244
106 7446 6363
6899 2379 5691
6133 7808 1143
175 7342 1410
8218 92 304
2415 8390 6156
2700 3391 3164
5111 1465 7518
2162 4673 7391
5187 4021 2786
5528 1466 1953
2971 2369 8093
1197 7335 5543
1494 9049 3738
124 3677 7842
8260 8520 7497
7417 2861 8287
2803 6092 5306
8395 4748 956
3491 1114 7559
3744 5049 7958
7521 4711 2702
2900 9070 7590
9117 9340 7548
9381 2874 1976
1684 4095 5064
8267 5395 4734
1573 4656 6438
9564 3018 1385
7313 8199 4150
6478 2815 4466
1242 7561 5690
8945 6068 522
3129 9337 2167
3413 3923 2143
4430 4207 9007
3949 3242 4794
6982 3265 6029
6588 176 5571
8511 3056 1048
6921 6608 3904
6900 3643 3824
2946 7237 2900
6611 4752 6517
7890 7452 1824
2828 9096 5060
2179 5095 2521
8978 9518 272
7322 9776 9519
29 1038 2556
8536 8244 4786
3525 1593 3531
1306 6599 4658
5059 2344 9958
712 2564 3958
2721 5813 1387
7964 21 4227
6794 9033 1850
5013 5877 5064
9415 2120 9582
5669 3998 1105
1381 1806 3585
6887 5254 5363
6562 247 8354
5676 8951 9034
5635 5091 248
3648 1338 2073
3151 7044 6509
7423 8995 2527
1020 5582 4193
3479 3286 6558
2383 925 7920
8362 9917 4804
7762 165 2647
5509 8875 4975
7977 5862 9516
2390 5761 3883
6706 1922 1049
7643 5960 8712
470 9917 4929
6231 8022 2004
2763 3062 6406
9324 5077 4284
5047 1571 8904
234 85 4301
7111 5927 3799
9898 4049 5770
9135 7380 8954
9097 3616 8424
6899 8784 6004
453 4219 248
8106 5377 4426
3191 1661 233
4773 4630 3227
2270 7006 9247
7164 5193 1385
1103 2476 203
7519 2812 2040
8212 2295 7802
9406 8875 9502
2530 874 5667
5798 2899 6182
7650 814 8866
738 9625 8117
2287 6873 1934
7746 9443 9626
3496 7601 6550
5707 5720 3351
4652 9847 6979
7228 2414 4216
2613 4217 3561
9950 5537 8864
6311 4628 1501
4271 6448 8517
2037 6487 5700
3862 5811 4743
7760 7071 8197
118 1178 6810
7759 3015 5579
4554 6092 6434
5190 3756 7773
562 3864 6106
6284 1365 625
6479 2655 1570
4958 2488 1382
3818 7120 1104
2049 8353 6657
7406 3881 6111
1828 8033 4377
6314 1045 5890
6575 7264 6003
2579 6696 4384
7324 4156 5015
3047 8223 1411
6046 8916 8248
3030 6687 5144
996 7607 1687
3308 6362 9635
4613 2668 9769
4549 834 6789
3637 2642 5321
7145 8319 4364
5216 7413 9221
8098 9283 64
1600 1828 9473
8731 273 9796
4079 6466 5770
827 4787 2671
1756 7069 36
2706 2232 3748
5882 35 1166
5417 4777 8975
8421 3447 9910
4256 9529 6985
6608 8042 1738
867 9069 1824
9567 1432 7661
9420 7102 1139
6829 7849 8689
5189 4506 8351
3434 8455 2135
6557 1970 8810
8918 5282 7533
6036 7033 7428
6150 1628 9936
5814 1704 5640
2200 6493 6166
7504 805 3324
9678 7277 5129
4772 8862 369
1824 8251 2690
8362 1842 6079
3808 1549 780
4402 6111 4294
6192 3422 5905
4283 7174 6054
2970 2913 4076
4971 5025 5636
5713 6265 2634
3661 7577 2568
1429 44 3371
702 4846 6292
4903 1384 1091
3473 403 5555
7045 3611 9321
1838 1333 848
4097 5817 3458
8126 6869 4544
6688 5218 2113
5453 5065 2739
5050 1900 9763
8972 3189 1255
8738 9046 1801
6489 5876 8754
7472 1046 7994
4306 5607 5860
2017 2353 6073
7832 9011 6456
6557 2394 3977
3363 6210 4961
8316 8382 4293
4955 9741 2607
7783 8663 712
9153 7349 1911
1815 3260 9365
5762 6705 5420
7822 5208 8017
9754 4798 631
4857 6865 7880
6344 159 3152
9666 8249 2374
2343 8793 4363
804 4604 4796
7832 1544 3495
3431 9839 8542
3199 2622 11
8065 2167 7521
4056 6836 9853
1058 8005 613
7725 7601 3180
9807 1260 9655
7809 6645 9227
3112 6860 4980
4202 8270 5404
5015 3733 8410
1824 4963 6257
83 7621 815
5324 8422 5622
1102 9791 7642
9454 7497 6018
3365 1399 9076
2073 6896 1587
5635 1375 1504
770 3057 1426
7713 4452 7929
834 777 4098
5233 4178 5485
3030 4210 6355
6308 2339 2239
4364 460 2592
6065 7091 5986
5949 2583 9293
7500 8031 9646
4709 7517 8104
2591 6055 636
6101 8771 1005
292 7998 4521
8198 20 3016
1895 1405 6269
5122 9864 5942
8777 4680 1327
1578 5738 9144
4561 4910 5728
1698 7122 9798
7790 9404 503
5769 229 862
5711 5303 7278
8392 7525 1172
8813 1168 5439
3264 2735 578
4341 8197 6442
2105 3274 2586
9781 9051 7224
9580 9699 2417
5403 7204 9634
7652 3551 1994
9892 6828 936
3770 7075 9343
417 9185 7623
3197 9834 7739
2515 2876 8630
5985 7685 5343
3911 6848 6629
2162 770 4133
7794 2794 9257
9871 6100 3882
9018 7471 914
2875 2335 2808
7206 8289 2464
6297 2606 7587
3386 2615 2209
3556 8276 9450
181 7537 3696
5599 7970 4479
5012 9174 6938
8509 9948 320
2126 7828 3296
6712 8851 8068
3789 3419 6912
9200 5717 5096
6046 7599 9617
616 2094 7404
6914 6278 1278
879 6577 7727
1044 4760 1057
4494 9817 9559
2700 9792 640
6965 9101 5240
8319 6133 6217
2983 1445 3031
6632 7607 224
4349 5613 3195
6662 3016 2667
1371 7573 3760
9855 344 8495
1098 5612 4007
5833 8957 2834
8114 7230 2188
2543 6952 4746
5543 1104 2321
611 6004 5903
6778 8855 261
94 1080 1945
103 1083 9735
3425 953 1245
4259 3949 2281
8181 3259 5744
1500 8366 4505
9363 9543 2300
6120 7106 2766
6407 2996 1797
6170 8431 9982
355 1769 6805
6672 1262 5584
3794 1216 7752
2990 3318 3386
9371 4252 3204
3514 1010 7260
6191 953 6597
9388 8849 6032
7174 2315 1076
6112 7342 6707
2983 8527 3332
1827 9101 6530
369 7681 1885
7573 7349 8830
4742 8957 5291
2044 6397 8189
5108 4963 113
762 1435 4626
356 8979 6114
2896 6400 8594
3913 8013 4954
2641 2665 8966
4829 3585 6409
2503 6509 4580
899 4471 4063
8947 5296 1230
8606 4144 2409
6803 1562 2343
9346 8929 5791
6436 9108 2435
6471 6166 2931
6820 5621 3948
5637 9673 2403
1022 7307 5178
533 8372 8994
3372 9648 9874
1087 3473 8758
6488 7164 7901
7212 4157 4293
6545 108 2796
7443 7351 9158
805 2833 1743
8462 8623 7353
5906 7381 1900
8402 4634 793
613 9833 2142
1337 6810 2263
7156 1386 737
1908 1318 9067
179 1775 5572
8778 2976 4289
5658 4412 8193
9395 6588 3685
3923 5930 5009
2781 2115 6720
9499 3582 25
7072 9397 8219
5668 1881 8898
6404 4856 3127
2756 3909 2051
2401 1948 4932
2054 37 8337
8687 9868 9309
872 9881 8586
599 516 8789
8186 2148 3937
8541 7685 8893
5036 2214 8993
1142 5500 4438
3479 123 7292
5936 5001 3886
8602 4116 8570
9591 3347 88
7113 462 8112
5860 5107 1399
4480 9901 2312
7785 9008 3058
4201 1202 6564
158 4092 8391
8884 8244 7952
6969 8915 4820
2359 553 1586
4609 2286 8809
570 3710 616
6883 4158 5820
6052 4715 148
331 7409 8834
5364 9390 566
5919 4174 1362
8123 8462 5484
6448 3157 4855
1894 3499 6140
4654 9532 8758
5227 9630 86
7242 186 3441
7617 6808 7149
5657 6025 4440
6781 6016 7445
5090 7324 2548
8172 7186 7559
7434 8398 8677
7765 3114 4621
8527 4177 5359
1200 8489 9335
6242 4169 8937
9887 3317 431
1390 9600 5668
5171 2754 1652
2938 8222 2462
8823 6507 6788
2598 8685 6873
8486 8071 6273
2879 3538 7901
2865 3222 7528
4778 9851 9628
5210 6871 2542
5220 7928 5555
8753 2612 940
7369 1866 2794
7833 7795 8192
9857 6503 9245
1708 1755 5826
7875 7442 4240
7075 9006 7323
2936 336 103
3274 4992 8480
6393 721 3104
2142 7375 1580
4957 1735 3986
5560 7124 4372
1470 6136 8707
2424 6557 4982
2544 4503 6330
7137 1963 8541
5622 5561 8484
6189 9019 4783
4639 5922 4000
8776 4118 5934
5584 5038 1097
7693 1236 7649
2912 2560 7456
8275 9802 8706
3665 7118 191
7027 297 531
6392 1807 9776
8450 1135 8356
6623 3244 791
6369 3029 2461
4184 5427 9811
2066 8212 7131
8135 8634 2410
5562 7990 1800
6172 1100 5803
241 1022 6015
8378 9895 3231
2384 3762 6947
6370 4402 8204
7268 9626 361
1615 1404 2400
5976 3836 4137
3713 2344 7054
3479 1678 6895
633 6509 7338
9485 4293 4427
7336 7490 4811
4857 7232 2
1783 3149 6896
8600 7656 5338
8546 951 6547
8217 9975 4478
418 7166 6765
9331 1251 6281
4107 2447 1334
2888 8876 9160
950 1721 2460
9047 2749 2625
731 9645 9236
6792 8901 7604
5977 4290 9783
2834 4460 970
3961 9910 8262
4507 8758 4698
6628 566 7392
5812 4002 5431
8052 4695 8878
6265 9609 4617
2002 5830 5636
7059 5495 5370
3868 1966 7013
4170 5439 2742
4727 2402 5325
4008 8644 7312
3256 2203 9115
7163 9082 3577
8239 7605 1280
5206 254 672
1485 7702 2745
3648 7801 5448
471 9929 5182
5280 7192 8981
5753 8030 3060
7701 7525 981
6107 2234 6099
143 1073 9196
4060 8244 7570
2802 4589 8204
4271 7628 2637
7628 3673 575
3872 9010 3466
4555 5273 3647
9027 150 431
706 6261 9350
8725 1960 4285
6257 9977 3441
6313 2182 653
2169 374 4808
5265 9322 577
407 1584 79
9624 3401 8274
1117 4363 8017
3575 1580 3841
5716 9414 35
5912 5806 1851
3163 6971 8334
8819 9380 1115
6618 2241 5838
1601 604 8267
939 5554 5731
9027 1587 2155
1394 9049 8869
7398 6120 8996
6065 1617 4316
7108 8238 4201
939 2152 7795
8385 9287 1405
9702 1957 3658
9127 6739 7625
7423 7974 4385
5237 5473 9234
4804 3101 6406
1516 3990 3641
9331 8123 8969
8258 2153 6701
7815 3725 2245
5685 8838 5783
7082 6287 6078
1797 2079 7558
6732 7701 8459
2612 209 7974
7408 6710 9067
3454 6899 414
7105 1904 6043
9290 2361 4780
8580 1147 8980
9149 1410 696
521 3760 4112
8690 5860 9528
7277 6142 7949
8364 1138 1801
724 4116 4342
8174 9405 6326
5737 8812 2623
6724 5161 4527
7721 1592 2417
3240 1191 2573
6891 7073 1103
133 3908 2433
5673 7531 760
5335 3302 7071
8095 369 4638
4308 8103 5400
7027 3567 5990
274 8322 457
6239 8785 387
653 9245 7470
3334 3310 2276
3494 6881 5853
1934 7751 1375
2136 7774 864
6514 4368 292
5871 9337 586
8123 8391 5177
2633 1999 8874
7776 9852 5268
6184 260 7825
1361 7649 330
347 9689 8296
4766 8616 8626
9774 3986 3117
293 5285 6387
1505 2168 3450
6134 5145 7215
7743 706 5942
6658 3195 7105
9884 5901 3067
7752 7177 8539
4965 5376 4581
7621 9691 6167
7222 9199 9051
225 6783 9826
6294 7592 8936
5877 3394 3521
2013 1978 5435
1241 7524 2976
7112 2284 3179
8391 8329 687
2055 6042 8463
9132 8725 8763
2965 8479 9140
7621 8987 2952
7708 7319 2842
9061 9203 2585
2915 6225 1358
270 4688 6476
2341 3519 9843
8319 9888 2881
1906 1089 4333
3350 5922 5640
8899 5213 5532
756 8405 747
865 6940 2692
236 4637 5363
4570 5623 5022
6962 7560 8382
2079 1248 4581
8463 8562 1866
4609 8315 4442
971 935 584
2397 3088 8471
8494 1972 6109
3971 2411 1677
8288 4243 594
1102 6510 9548
5188 6207 9150
280 4672 8571
1823 7270 4167
5865 9420 1720
5706 6358 145
7973 7059 968
7862 1107 4219
8217 3674 4885
1341 9512 5861
3456 8102 8918
8091 6091 1445
3906 2271 2774
2482 6545 4494
7686 8293 6858
9764 5332 3502
1224 5500 5592
5882 9055 7095
872 6741 7482
8497 3430 5076
7057 157 1831
2053 9430 3803
3795 9235 75
2727 3268 8170
7855 5592 8803
6646 9225 1824
6561 9642 5536
2277 8284 3678
4062 3643 5907
3636 4416 1104
3815 3558 3155
8416 3753 5228
5143 5937 7411
7820 9440 69
4224 4413 2617
7064 4732 1079
9996 9477 6481
3397 7575 546
7957 5556 904
6511 5892 2773
2224 7938 4065
8175 6090 5116
4612 1338 2177
6224 585 9003
848 3910 1304
9282 8526 3074
9504 55 2900
4855 2759 9837
6568 3313 9249
6547 6425 9836
8260 8262 6202
7331 8734 7902
797 8922 7433
2840 5839 91
9912 2134 1620
3690 7128 2918
7213 8487 4949
6760 736 7089
2248 7219 8177
2195 4557 7858
1562 3857 803
4812 3569 4790
8079 9152 2076
2804 3120 2883
5563 4484 4592
6493 580 9877
8314 5777 5861
3862 5860 7692
7680 3835 9133
4572 8204 3814
1656 3818 5662
5613 4293 5875
4874 7724 2159
5722 7544 7800
2544 1160 1962
8788 58 2833
3615 6172 9039
6692 8906 6563
6031 1512 6518
2434 4991 6874
2112 856 6171
7055 6913 2573
5136 6718 6014
6101 3170 5156
8826 580 2805
1290 7894 8253
9986 6643 1271
610 6267 321
9674 5089 6344
1324 3602 9969
3476 4340 6878
2284 1397 1351
8984 5713 9599
2392 3615 7929
979 40 8602
7834 262 5675
199 2354 6892
3504 279 6988
4502 4191 4678
8839 7530 4890
2629 4477 82
9351 181 5753
1616 9117 302
8677 8878 2596
4427 2704 8156
3497 4738 805
6173 406 4994
1559 8446 4187
4257 5039 4699
7680 8540 4206
7487 8947 2623
121 3504 8076
2159 9254 2909
229 8317 4377
366 6994 3912
8531 4644 9157
6835 1337 4264
6128 8949 6658
9511 8920 6147
4513 9257 452
8813 9463 2468
820 1624 7666
7827 7042 674
9638 937 4802
9444 3968 9813
250 7836 3513
7461 1176 8580
8534 4971 9788
4860 6384 6027
3681 6441 1625
5297 5591 6223
6610 1147 2162
5657 5479 3712
9157 8366 3378
5116 5288 3595
5679 4251 3455
405 530 3362
7324 9334 5826
9845 3663 3696
4327 1944 9785
9372 8639 7636
3564 4909 7542
9197 6168 4653
9174 6955 1950
984 4662 6184
9638 5030 3993
3045 4109 2475
1436 6815 1039
6272 9261 3431
9636 3061 247
4481 2042 396
1525 4640 7715
295 9271 7463
151 2164 1662
677 3923 6906
6524 3498 3266
8462 6696 9018
659 9931 8052
8863 5503 8581
9310 6363 4902
2996 4449 6917
856 6582 1623
402 6458 9987
7064 4007 7583
7759 5928 9811
701 789 6278
3804 1065 3428
8875 8672 3097
3543 6193 8037
1164 4569 541
7341 685 2840
5222 6115 9271
3413 3550 5960
7862 4945 7678
8702 6724 7743
6572 4892 4286
2245 2070 2485
5204 9822 7936
8181 5326 5815
6032 8299 9860
4692 5552 7792
5414 6737 1605
7954 2178 4981
890 4058 6839
2585 5059 3256
2841 3682 5949
6389 4223 8602
5420 5717 1221
7634 3685 9433
4703 4176 4311
6664 7177 796
5999 7013 1338
5856 6546 1162
5966 7950 4968
5616 7940 4964
9858 8440 5564
4474 9037 6438
2473 6130 8414
284 8777 2060
4825 287 8077
1431 1249 4158
5497 1638 3324
7024 1806 7080
4549 794 7781
3153 3623 1342
7663 6706 2972
2918 5484 99
347 6561 8677
5091 6339 5421
7192 2316 5336
8753 6803 3787
514 6992 5827
6167 7819 613
1731 8456 3982
7666 2474 7901
1713 6823 8779
8525 7320 2022
1713 7875 5629
9997 6341 4303
8127 2207 7442
3059 5686 9788
9516 4359 222
5130 3580 4121
1543 8031 5536
9216 1569 8291
9251 3846 9551
4811 3515 407
523 9219 1289
701 9023 3719
9354 3688 6607
5606 5570 2318
246 35 7160
120 2381 6515
3661 9680 6802
1049 5316 2071
3611 4829 9448
8413 3412 8428
5361 8248 2348
5109 6905 628
52 4333 6394
6169 8890 7692
2002 1552 6823
9099 4914 5054
6230 5318 8611
4666 1071 3878
8105 2780 8411
9158 4196 4776
8151 171 2256
8494 3411 5346
8962 6933 4857
9122 3552 3063
1360 3395 7134
8221 2523 4943
6298 3159 7156
9389 4081 6181
2978 323 4315
607 772 3195
6683 1372 678
3087 1811 6949
7448 5072 2420
5222 9426 9089
5555 6408 1534
618 4468 8387
1497 8163 9901
7759 7744 1016
4236 6122 4939
5182 9424 9111
5643 8610 8676
783 3543 2022
6834 4827 5866
4578 2142 5346
6248 9632 6104
5167 7432 9244
6352 5261 2259
2021 18 3673
8291 91 1362
166 4945 4249
76 8576 685
7855 3550 5613
734 3541 953
4439 5404 4325
5292 9629 7301
4795 6978 2985
6398 7471 9180
7467 3134 7463
4643 3458 1214
7153 1258 452
3125 5698 71
9417 5838 1831
6801 8537 1100
3567 7151 4998
9475 6886 661
2004 6034 3974
6170 41 9098
1871 1641 8560
2633 3187 2988
5787 5254 1825
5054 1119 9466
8457 3086 730
3890 9096 6518
8022 2843 453
2653 6989 8312
5589 2854 6812
1953 5568 4542
5751 7119 1607
5346 59 5156
9882 657 1873
7184 8552 2979
7711 241 6793
5606 9186 4514
1409 9379 2003
1881 4370 589
3404 956 2676
7376 7783 6977
9359 8426 2777
2572 5850 4823
7599 801 6456
7654 3754 9628
9028 4125 2747
4097 7349 6898
7523 2628 7868
1296 2808 4073
3238 4756 1384
8536 3676 1589
3283 5994 6145
242 2229 138
5573 4591 6310
6519 1277 4354
9476 4459 5204
2746 272 7261
1351 5589 2448
9633 2055 1165
205 6089 1965
9900 3816 7402
2172 4868 820
3674 7331 8603
9463 9486 2086
4186 9916 2783
6249 1289 3765
7914 4282 8680
4480 5861 4899
3426 8771 4046
9920 9194 6770
4396 3165 8496
7184 882 9209
9698 1567 1076
1691 991 5308
9041 9584 3618
571 9233 6262
9126 1851 758
6150 1217 8626
7093 8590 7089
1702 5293 9187
5410 8995 1516
324 3649 5888
811 7915 3339
518 4694 4027
8185 7198 7826
8259 5459 6996
3504 3922 8741
8701 367 9536
6516 3031 4400
3789 261 9658
3698 9466 9858
5204 9015 2549
6006 4966 1831
8499 7520 3456
681 359 473
5585 9146 5739
2750 8739 6628
8875 2525 489
7566 2438 5723
1366 883 1631
849 675 3069
665 2408 4051
6815 6920 3569
9892 8722 5409
2061 9917 6331
1080 9515 8883
5664 1946 816
4875 5426 8171
7331 9479 6024
4314 1952 4346
5589 7280 1213
7138 6068 3222
1087 7014 1024
3369 3159 8182
1362 710 5652
9215 2497 1941
4463 4053 6598
1246 6840 5493
8400 9694 9429
8070 3457 3115
1686 9867 3248
3261 9599 4936
8984 5717 5424
4851 14 1038
5805 3134 3429
3047 6024 8588
2840 3106 6842
6057 347 5103
6423 8042 8550
2208 2818 8389
388 8044 4755
5733 5456 7270
3521 5070 6731
3283 822 807
137 6570 9795
1649 690 7107
5134 307 9990
7926 3566 3179
2662 9296 9864
2202 9703 4650
1386 1528 4879
679 3667 5055
8490 5358 6982
578 6506 1594
8857 4241 6405
9706 4535 5140
5693 4753 7759
8448 831 6271
8803 5931 3509
1823 628 1589
7130 3207 9844
928 623 6546
4305 1474 6804
3269 9763 7281
5398 9469 7396
4669 4354 4558
8502 2134 9174
7756 7362 5710
366 6509 8500
8444 9716 1372
7695 7154 1525
3330 6324 4952
3889 2025 3678
8699 4168 3046
4157 3369 3129
5311 573 1364
346 8022 8581
4936 3375 2350
8015 1530 4879
4110 269 1299
8371 7635 7424
2797 4613 8689
2135 1961 8607
650 109 6535
920 9310 9051
386 150 9408
379 3549 7061
9869 8235 7497
6373 2386 8223
586 1299 6754
2650 3836 1610
9295 9875 6827
1151 7669 5580
2739 7557 1836
1863 1470 8160
9794 6497 7564
557 3807 920
6371 6676 3344
5782 8061 4643
2066 8189 5058
9476 2294 339
2943 3613 4922
9270 6430 8672
4776 136 936
9359 1857 7697
2498 905 7883
4769 2990 5811
6588 9166 2886
7061 3575 5165
2324 5550 8042
155 4262 9578
5992 1746 3345
1541 2670 9313
3995 8928 5656
2443 3834 1336
4727 6596 7866
7051 2082 9752
8337 7718 5433
3396 1715 1407
8227 2 5864
3414 1997 7286
455 6233 8693
8415 9748 5273
8273 6847 2286
9968 2546 2043
3090 2577 3490
6077 8481 6145
6011 917 1224
6567 7312 252
2361 5997 9637
836 8672 1558
6683 7849 9410
7358 6392 3318
6874 1152 9369
2685 6669 3224
6079 3436 9187
4422 492 814
9783 7747 6086
9983 9384 1410
3427 2451 9624
7465 4245 9635
3194 1927 8099
5786 1478 9539
7097 8744 337
1715 826 3152
7458 5755 5011
9350 2339 3048
8135 2466 3446
4761 7498 3350
6743 5324 9521
1015 1916 7042
9567 7362 6595
6047 2127 5414
482 6504 3453
227 3842 1194
9971 8834 9871
3538 7415 7772
5473 1377 6815
7602 1227 3988
1289 5724 2914
488 5008 3707
4051 7416 8548
4358 5341 2028
7476 1244 505
1471 5388 5265
7455 6523 9214
21 3622 3077
3220 5520 5476
3162 9379 5077
8776 9549 8555
7017 22 4524
4902 1372 7099
3705 9884 6236
9172 9423 9296
5904 6125 9628
6018 3609 6421
2088 8022 2438
98 2576 2957
7795 2448 2962
3582 3364 8532
5555 1887 5989
9958 6206 3074
7134 6088 1293
6642 4406 5424
345 748 1691
4753 6537 7794
8035 8959 6084
6011 6997 892
2219 5162 7119
2548 7979 5062
2822 2962 5254
3745 8616 4176
2949 5476 6367
1133 8418 1419
1966 4302 5313
2794 3716 9536
8657 1802 8879
2557 2305 6267
1637 4524 3642
8392 5246 3356
6710 1346 6040
9844 9956 1258
3565 5626 9301
5158 9733 300
5062 724 8334
1223 1202 7047
4324 1259 7619
2990 1538 9407
5681 9893 7898
1601 4890 4944
6686 6410 179
4196 8139 479
2572 4041 3907
3814 7649 8841
2460 9803 7424
7843 8001 2549
9309 6491 3146
5384 8167 3580
64 2794 8468
8152 1902 9724
6629 8714 1700
8655 9204 99
7812 2614 8549
4447 1381 4694
6284 4172 4235
6234 8774 5376
2823 411 8104
372 4712 4366
1756 6574 166
9239 7826 5434
8073 6569 9521
1892 339 1041
4062 1239 1218
5 3611 5651
7108 8111 5622
7839 9659 4418
949 6691 6931
3865 4232 2053
3367 93 5946
106 8014 2182
7161 276 5519
4072 2311 4364
8650 3781 7846
1128 5611 8231
7539 5547 9420
5270 3507 9515
6166 6997 2810
4828 6526 1801
6155 3970 9198
7245 5937 8403
7540 4741 840
4183 4223 4764
3987 1361 5448
421 1151 4013
1221 1601 4751
403 3588 6016
8663 6083 4069
2107 4979 9585
9124 258 5240
6107 2377 1322
775 8816 6715
3946 1689 3005
8470 6314 6565
9027 4474 226
695 8021 8420
3614 2955 5861
8450 6282 7799
9196 4317 4919
4486 259 3264
3138 5708 3697
9466 7995 1237
2798 4026 8216
6912 1713 7607
8273 1409 9010
6871 6032 4598
3469 1740 2766
4284 4130 9934
2579 334 3071
3398 1394 2774
2358 40 8607
3220 8958 6527
3972 5419 2419
5679 9941 5410
6083 9492 8137
6997 4275 1602
2011 2881 3242
649 7333 2002
1859 4565 4105
8823 8755 3575
8956 3028 7176
9441 1970 7619
7672 4340 7935
6811 6996 605
470 4082 67
9496 8944 3267
4458 3709 3748
4255 3042 8171
8899 1233 401
2949 6141 9969
1730 6832 5895
3736 9204 4431
4861 4566 653
2568 4350 3698
3938 9028 5923
8143 3156 9529
3559 2094 5818
6673 7877 9512
3342 855 7382
627 2682 4718
6233 7532 5311
6328 3106 2202
1765 5061 1541
6726 1346 9550
7594 4554 6595
8524 6363 221
6425 6936 2686
4480 9715 639
556 2109 6720
9532 4504 2146
3653 2632 8090
4696 495 7286
4809 4220 3864
7674 2281 6870
6305 3101 7126
3706 4734 1140
1167 6936 3672
798 8471 6259
5224 2766 6788
2276 2410 9155
5350 6921 5392
6034 2131 9261
2274 9056 1441
4548 2345 5713
4544 5521 8745
8100 6415 94
7632 624 5969
435 4926 6815
1759 3848 1277
9968 4262 9592
4896 459 1022
8918 1312 6286
4610 9527 1253
2630 5599 5943
4034 3949 4231
6604 9526 6089
6287 7512 5080
5310 706 4612
3378 6084 3555
9800 920 1223
3086 9676 2384
6451 4123 8604
9279 8367 7790
6819 5763 2298
3924 1319 7505
1623 796 891
9219 2856 7563
7688 2778 3292
4353 3863 7369
9354 956 6183
3809 4343 7407
5904 1820 1941
5425 5938 8150
7437 7157 6720
1695 8108 5866
4782 1504 1732
2851 6638 5000
8523 391 2847
8228 416 9581
2138 8792 9522
1643 2387 3797
7595 893 8683
4800 9570 5679
3444 8180 1636
3566 6207 8467
5374 2506 1209
1200 8885 9796
4825 4137 3390
5726 5242 3176
8579 2599 4034
9208 4823 4891
538 846 2089
6264 2869 4022
6004 849 8349
9521 4132 9579
8312 9423 8605
1410 1983 2765
5076 9430 4562
7084 7262 3886
9508 2427 4401
1283 1099 3169
7215 746 806
2033 4107 8539
8809 2879 8375
4482 1611 4873
6538 9362 9682
5352 7514 2706
5391 4360 1149
59 7321 7316
6919 8164 7481
1164 7123 6153
4976 6887 6461
2030 8271 6504
865 5185 4156
822 1159 3676
1149 1836 7588
3374 1128 837
1966 9625 5090
1080 8380 3043
6704 4825 5078
1747 6953 8401
9582 2323 4722
3708 8883 2225
8035 8108 2706
3411 8588 7492
8957 2821 2153
5942 3379 6289
124 2932 3539
5329 6789 9372
4270 639 5570
8384 218 2610
9306 6716 5483
8231 7726 8109
6545 2911 4841
5496 7626 5650
6855 6638 9777
265 1348 3429
8577 6108 3498
9355 1374 7808
7077 1394 5449
6629 6671 5631
9657 7077 8332
4790 6905 4932
4335 9411 2440
8635 3283 5641
1502 5998 3458
6132 4942 4790
2399 4413 1232
2727 9588 4770
3943 2532 3008
9262 4133 3022
144 8449 2726
6600 6209 6096
6519 6863 2975
4791 7009 7861
8197 185 9118
5904 4810 4699
5543 8196 9436
1548 9888 5953
762 6204 4988
1890 298 2831
9952 8144 3259
438 4922 1558
4975 9374 8730
9236 6848 3857
5456 1855 702
5683 5077 6352
1875 2798 3453
1682 7395 7090
9839 8886 9944
8661 4714 719
7525 8505 9681
1711 7525 1880
4214 4294 2546
5617 4104 6072
8648 6431 6440
8552 898 4154
8698 9050 4748
3295 3785 5897
7216 8437 4469
8555 2887 6926
7404 9867 5436
6010 8327 775
2593 1385 7263
8596 6870 6527
7956 7 5365
850 6495 4567
1657 1216 3313
2936 4544 5849
107 8938 2484
9465 28 1989
8140 2513 294
2303 1950 306
2231 3872 8402
9949 7032 225
5426 5223 5940
6036 2417 393
9006 1371 9107
2107 7959 951
5703 862 86
826 9052 6029
3691 3909 1325
7796 6355 4889
3647 516 6788
7746 1936 4546
1375 9453 9741
7198 5518 8373
1251 7445 9661
6318 5548 8798
6151 2188 9493
1316 8867 5227
8314 2403 8421
1839 5086 9120
6944 6490 308
4081 2869 5843
9686 5348 9249
8014 5227 7609
3786 4948 8809
9276 7561 8591
4113 3343 8775
9332 736 9472
2081 4980 495
6704 621 3247
7480 70 7669
1158 9503 3703
2102 1561 9179
5474 840 6329
7838 3592 4145
1820 4866 1648
469 8798 625
2630 7187 9170
6732 8557 7888
9534 4722 7090
9330 1988 9672
3424 7395 5102
2314 4576 9128
924 4917 7321
3098 9321 5218
8694 4029 3209
3474 7650 8154
3442 721 279
388 8427 5478
5538 545 4882
4939 8357 2436
6572 8063 4185
1240 2813 4197
5712 5884 8472
3119 8913 6329
58 7816 3316
344 2584 492
4583 2847 3630
793 4800 647
3811 9950 6550
4129 7218 9331
117 6744 3399
8669 2456 1646
2278 8645 3184
4694 811 3827
4675 5310 5388
1907 1094 5909
2187 5579 6824
9353 7956 3908
5400 3758 6752
388 3272 7621
1844 9660 4497
9243 3086 55
6379 9618 8985
2424 9202 4104
334 8631 7616
15 4900 414
813 4740 4132
9137 5132 6399
3687 6919 4310
2807 3600 187
6427 2215 9045
3998 5111 6115
6877 9577 91
3219 5065 7105
2606 173 6919
6512 7294 4798
9335 8012 6680
7805 9085 9804
7434 995 6728
1072 5708 5231
9534 1733 1829
1296 9310 6879
6421 9888 8102
5001 9420 8950
7102 4544 4203
3935 5162 4238
1902 9467 3313
5486 7413 7839
1495 8048 3151
8115 5672 8026
8459 7131 9300
6382 6516 9112
9910 409 7251
9364 8056 8992
3445 7932 1044
5978 2155 9140
8781 5351 3350
4085 3713 62
8774 9902 5266
5024 7918 738
7644 1063 2034
4023 5434 9863
624 4065 2551
7259 5031 193
7780 9108 4501
1371 685 7594
5592 495 8859
4781 6734 3678
7728 8307 1084
2768 9730 9061
7526 2186 4619
5648 628 953
4037 5739 7158
1566 4621 1996
1770 3881 8860
788 6516 571
1633 5429 228
516 5351 4155
1642 7137 6771
1397 8870 8508
1669 8389 1663
4038 8671 4662
6727 7700 3334
888 3496 233
7419 2253 5378
7436 3423 134
7016 3239 727
5219 6585 3862
8640 4512 1747
6142 7195 5533
2649 1102 6957
4339 8296 5828
5146 8399 7641
5090 1996 6850
5643 2981 3042
1664 4370 9860
3049 1465 8105
6650 9873 7288
4690 2811 4235
913 9833 5995
5341 2437 890
7345 434 1986
9967 4103 2002
201 6225 2324
7775 815 6763
600 1970 1740
5382 2259 970
1954 5103 8928
9571 6514 5823
1277 6093 5142
4386 3624 8163
5127 7091 411
1152 2547 9167
2960 1403 4899
7729 7038 4602
8149 1021 6296
7516 3941 6530
8828 4981 298
8699 2500 8830
4041 219 2184
888 2802 6913
5432 9531 5949
2632 7621 1281
6658 2743 5194
3805 7448 4322
5271 7889 9431
4241 6572 7169
6710 2944 1687
2528 8151 471
6858 9180 7875
9352 9203 2707
8384 9145 480
1691 8456 9847
1864 1289 6298
3414 9834 7592
8934 9866 6431
2042 7660 9785
3639 3883 1616
3793 6055 6083
9729 5945 5985
5106 2782 1742
7652 9045 2914
8356 9669 5189
2121 1274 2861
3143 5512 4816
5022 3216 5374
8377 1161 7838
1769 4707 6157
836 4353 5119
3149 6535 4362
4518 8723 2692
4964 8616 6870
7648 428 8357
8782 3748 9145
611 8356 575
1424 701 5311
1221 45 4258
6111 2410 5223
3943 9137 1961
2876 3661 393
6528 4375 500
9776 9619 1650
5447 9484 961
449 3291 6804
2072 3238 4101
4579 1555 9824
4881 1466 2688
5699 4912 6119
6021 7123 6353
7399 3129 435
4927 4058 3547
8343 3678 2796
4472 5285 1969
4018 5138 6747
497 8412 1866
6458 1323 9484
8727 7735 7607
2251 3811 2698
3658 9977 4283
1693 4512 6068
9128 1680 6036
7799 53 6842
2974 8662 3884
9288 408 2922
6847 5658 5681
1768 1338 9910
4589 2547 1655
9452 1127 3783
7988 1815 9040
6303 1288 8641
3654 3307 9715
8174 6160 3909
731 692 4649
1693 9448 1400
3426 2163 2032
2951 8187 1236
9962 3676 5562
9235 1328 9129
9972 7192 6425
4983 2186 7778
4278 8906 6160
1238 6508 4511
706 3473 1666
8471 4352 6311
4570 6809 1688
9782 3577 3447
7554 7476 8385
3367 2485 323
4557 4060 7417
2903 1712 5646
4785 1860 646
928 4306 8155
7392 2464 7736
8660 4680 9658
6818 8842 8944
9149 9758 832
4053 8212 6305
6343 8075 664
986 2478 7220
8565 9403 7376
3369 7766 6781
8110 5628 4576
4916 8382 2768
5186 8718 9355
5042 3964 8687
7272 4160 2813
128 3173 3906
5092 9205 9501
6718 3061 8364
8573 483 1163
1368 4118 3556
7832 8725 9551
3390 3811 6914
8292 2177 8058
9471 463 7743
6268 698 232
5624 8966 8283
9286 9709 1723
606 3055 263
1544 7693 3283
7497 419 137
6590 5258 3032
2431 207 2673
2143 7128 1902
1614 9989 2517
6650 6113 7672
3494 8794 4708
7503 5555 7605
7495 3016 2545
476 7086 2063
281 1847 9278
2480 9923 9411
3339 4057 3824
2995 8119 8740
6518 1191 245
8888 6343 9963
2390 7149 1452
7984 5816 7241
5956 2883 8050
4746 5843 3740
966 9898 1452
420 7466 7939
2734 2490 4163
8211 8457 7258
2681 1661 5291
1161 4740 5526
6951 3193 4310
8662 2550 9436
5059 9719 99
1781 79 5929
1262 9623 3731
3484 9830 5450
9141 396 7398
9880 8195 2444
4673 3551 6485
7674 1369 4992
3424 7280 6716
9304 3236 7240
6626 3134 9817
7348 1511 7640
7107 6466 6953
3726 7542 2391
8469 5579 841
2230 6454 5425
3900 705 8981
3550 9092 550
1661 2052 5198
8113 5055 778
4643 537 5815
2447 152 8575
5683 9291 6722
1209 2022 5647
6355 339 7908
2891 7951 7392
5635 8212 5397
6873 659 8139
4106 5914 1419
3370 9691 693
2284 497 6288
4228 812 6372
7569 8616 6642
8141 1075 4911
8711 6398 5678
4608 2777 5836
1989 9545 4593
7874 3548 8915
8433 262 2933
5232 7322 8757
369 1535 1280
8757 6700 4637
4101 7163 9262
8881 7708 1375
3584 8888 3857
5857 5359 1040
6597 6331 4308
7197 6026 9766
1006 7820 2870
9895 7188 5851
4297 1167 2673
3571 6026 9525
9541 9163 4819
6846 6701 1037
955 3735 5958
7244 8383 1060
7446 9363 4665
6363 4426 3591
2379 5787 3564
5691 6179 5991
7808 2888 2210
1143 7717 6630
7342 2042 6430
1410 5507 4696
92 5102 3397
304 6365 7037
8390 4675 5093
6156 1804 8557
3391 5917 9811
3164 5254 3945
1465 5764 1307
7518 2581 315
4673 1072 2177
7391 6353 6472
4021 8157 6691
2786 3595 1700
1466 2105 4993
1953 591 7106
2369 6168 5041
8093 8494 8381
7335 9106 2938
5543 961 9003
9049 2214 2363
3738 6983 9953
3677 8511 260
7842 1949 5763
8520 1708 8928
7497 7618 3889
2861 4005 4715
8287 383 5221
6092 3699 1902
5306 3522 957
4748 6653 8224
956 6762 9260
1114 9369 8018
7559 5790 8034
5049 9287 9143
7958 1588 7750
4711 8747 1699
2702 8579 1626
9070 414 5811
7590 7574 8623
9340 6458 8162
7548 9374 3550
2874 1070 4421
1976 614 2573
4095 8597 8155
5064 8230 6570
5395 2171 5504
4734 9426 3669
4656 5953 5786
6438 7557 6706
3018 8881 429
1385 4003 4822
8199 4782 4311
4150 3975 5066
2815 9048 4869
4466 1829 6239
7561 6202 1301
5690 3315 6750
6068 5330 2354
522 2278 7098
9337 2898 6630
2167 2187 1772
3923 4301 6710
2143 8703 2351
4207 7362 8437
9007 1949 9668
3242 4730 6810
4794 994 3805
3265 8282 7116
6029 265 1430
176 6522 1334
5571 7519 5541
3056 9308 1815
1048 9178 8881
6608 801 112
3904 3105 9286
3643 2995 8369
3824 9318 3548
7237 1405 7194
2900 2379 7170
4752 6231 9454
6517 30 3244
7452 2704 4614
1824 8921 4614
9096 1919 9198
5060 394 1253
5095 1131 6445
2521 5668 3575
9518 9316 3292
272 6074 5684
9776 6116 9351
9519 5025 3684
1038 1400 2351
2556 4796 6859
8244 8470 334
4786 632 6036
1593 5563 577
3531 4629 5761
6599 6318 6848
4658 9258 5286
2344 5786 5872
9958 4230 1807
2564 4636 9112
3958 5050 7449
5813 5475 1447
1387 4007 6622
21 6988 6912
4227 5984 1062
9033 7162 5763
1850 2667 6363
5877 4009 72
5064 3400 4073
2120 6899 2759
9582 2396 9321
3998 2523 8464
1105 95 5743
1806 3360 1156
3585 1121 4409
5254 2422 9233
5363 6306 6395
247 7968 4754
8354 1068 4747
8951 9958 8327
9034 4743 311
5091 5640 7305
248 1738 8446
1338 4984 1012
2073 7566 4190
7044 5689 5612
6509 6045 6905
8995 2769 8361
2527 2585 5382
5582 2933 2096
4193 6367 2477
3286 989 77
6558 8387 1034
925 1777 6578
7920 8643 7529
9917 760 9547
4804 9461 6125
165 1087 5857
2647 3592 6588
8875 4713 4809
4975 2528 6284
5862 1484 9779
9516 4045 9218
5761 9676 1013
3883 1598 550
1922 2283 7262
1049 6016 4344
5960 9920 431
8712 4837 6920
9917 1549 8014
4929 5446 9938
8022 6568 6038
2004 2947 9073
3062 107 6404
6406 8323 203
5077 7747 3614
4284 2436 6907
1571 7414 450
8904 8408 556
85 1633 3776
4301 8145 1609
5927 410 6578
3799 6086 4672
4049 1187 6384
5770 1328 4218
7380 363 128
8954 9567 9048
3616 9199 83
8424 7498 7778
8784 8489 7103
6004 4007 4653
4219 7774 8746
248 4214 1764
5377 1837 2727
4426 1447 722
1661 1915 8563
233 2337 7786
4630 3000 8492
3227 1176 5369
7006 8167 4453
9247 9934 61
5193 1587 6913
1385 1437 9833
2476 6930 9131
203 2183 2425
2812 503 5183
2040 722 61
2295 2434 3245
7802 3261 3405
8875 2999 7632
9502 7521 7557
874 7325 9189
5667 5466 3215
2899 7121 2671
6182 4343 6686
814 9931 8508
8866 7762 218
9625 7799 9743
8117 2719 6148
6873 7272 1287
1934 1283 7195
9443 2572 311
9626 4620 2307
7601 7492 2313
6550 761 5999
5720 6877 2055
3351 5850 2365
9847 1359 9426
6979 3690 7576
2414 9578 2669
4216 3213 1493
4217 7317 224
3561 6547 1863
5537 7036 442
8864 2957 307
4628 2553 312
1501 7842 3534
6448 6825 7299
8517 3912 7064
6487 9007 9728
5700 9175 1058
5811 705 2497
4743 1985 1181
7071 9525 9315
8197 840 6358
1178 3485 4141
6810 4176 8715
3015 9020 2734
5579 1875 387
6092 8704 7424
6434 5305 441
3756 1752 9286
7773 4138 3925
3864 7950 3691
6106 2804 8106
1365 1678 7397
625 6188 237
2655 1751 5927
1570 6665 1612
2488 8649 1177
1382 3340 7308
7120 1666 3027
1104 1816 4638
8353 5810 5731
6657 1274 9405
3881 3147 7819
6111 16 9115
8033 3000 1210
4377 5664 6997
1045 2571 4530
5890 6833 8653
7264 4111 1449
6003 6313 5424
6696 212 4944
4384 8096 9696
4156 4651 7550
5015 576 5974
8223 8769 3445
1411 9520 9194
8916 7348 8522
8248 4528 7984
6687 9291 56
5144 5940 1814
7607 3419 5064
1687 7874 6318
6362 2448 3078
9635 5595 159
2668 9781 1401
9769 968 7987
834 6850 9536
6789 4198 9728
2642 8535 9339
5321 544 3724
8319 7065 2469
4364 1150 5371
7413 3470 6611
9221 263 2122
9283 9120 1343
64 8772 8253
1828 9603 6182
9473 101 3662
273 3863 8221
9796 1116 7797
6466 6469 4864
5770 8291 4812
4787 3661 4735
2671 4093 8292
7069 3467 1710
36 4619 3326
2232 3595 7202
3748 214 3599
35 208 5733
1166 3175 9720
4777 6542 893
8975 6732 9917
3447 9130 7390
9910 6405 7568
9529 1404 7252
6985 5187 4481
8042 3490 1647
1738 9844 1901
9069 6698 3785
1824 7997 750
1432 7968 9110
7661 9179 6437
7102 3101 3995
1139 4789 5587
7849 5479 6751
8689 128 394
4506 7779 5419
8351 398 7742
8455 2202 4386
2135 4189 6874
1970 7357 4830
8810 3360 6823
5282 8482 4395
7533 2885 6862
7033 3446 1960
7428 3175 8768
1628 7024 1218
9936 4269 1825
1704 9144 520
5640 1597 494
6493 83 9099
6166 2202 3995
805 7797 4567
3324 5233 3429
7277 6395 8791
5129 8140 7437
8862 5000 9972
369 1135 1710
8251 9320 6559
2690 2110 2133
1842 7666 5391
6079 1965 8730
1549 9322 8002
780 6964 2894
6111 493 9421
4294 5246 27
3422 9937 321
5905 1888 4507
7174 9263 1784
6054 7186 355
2913 1559 8040
4076 1373 8597
5025 9082 249
5636 1999 8003
6265 1920 3229
2634 3307 4981
7577 4042 3125
2568 8541 9082
44 5057 5720
3371 5002 9048
4846 6212 2750
6292 6637 7455
1384 6229 7829
1091 3630 57
403 3880 1445
5555 6807 3912
3611 2554 853
9321 7226 6995
1333 5453 7163
848 9808 3083
5817 3165 6115
3458 5971 8762
6869 6063 31
4544 9821 4336
5218 7704 6769
2113 9799 5349
5065 8671 2694
2739 9191 4496
1900 536 7341
9763 7933 9287
3189 3073 9838
1255 8524 1457
9046 562 6369
1801 8755 1205
5876 9470 1393
8754 5111 7104
1046 6061 3496
7994 7253 2543
5607 2684 8175
5860 3536 2247
2353 5878 6230
6073 1313 8095
9011 4696 1529
6456 1582 4749
2394 445 9794
3977 8251 3369
6210 6319 1336
4961 2116 4284
8382 9073 5719
4293 4647 1641
9741 3548 8151
2607 5805 1608
8663 7348 646
712 2279 5127
7349 7158 1151
1911 1513 1304
3260 3373 1264
9365 6532 286
6705 2030 3626
5420 7779 271
5208 1745 6008
8017 1501 3847
4798 975 5821
631 8312 4519
6865 9518 8321
7880 1297 7544
159 9820 2394
3152 6498 9503
8249 8925 1543
2374 2643 2209
8793 3059 4773
4363 1145 8251
4604 5568 4534
4796 8741 902
1544 5532 5655
3495 5701 6784
9839 2182 9833
8542 3954 3983
2622 1261 8643
11 7625 1891
2167 9430 7957
7521 9176 2970
6836 4533 8905
9853 5865 6245
8005 9132 9996
613 3355 2102
7601 386 734
3180 2636 3824
1260 8260 5735
9655 8830 8268
6645 4446 2522
9227 4740 6266
6860 3865 9047
4980 7590 1758
8270 9832 261
5404 8046 8076
3733 810 7817
8410 6933 7201
4963 6539 645
6257 7449 2950
7621 2538 2051
815 7458 7250
8422 7279 5040
5622 3353 2175
9791 7589 5630
7642 8437 6716
7497 4139 5172
6018 4568 8678
1399 4600 1569
9076 4485 6357
6896 1154 5791
1587 8625 7764
1375 9450 6336
1504 854 4167
3057 4367 7223
1426 564 1714
4452 6981 2042
7929 2766 7485
777 742 993
4098 3215 6954
4178 8677 3892
5485 7248 489
4210 8417 6791
6355 2245 2652
2339 7923 4168
2239 2164 8422
460 6893 5286
2592 6612 2542
7091 8644 3079
5986 8904 5772
2583 3143 5878
9293 447 9725
8031 9123 2530
9646 1021 4820
7517 8790 9043
8104 3009 3726
6055 3832 7425
636 2632 6206
8771 1562 5039
1005 92 8496
7998 4655 1750
4521 3320 106
20 7364 234
3016 8948 5740
1405 2820 3317
6269 9055 1583
9864 1157 2017
5942 7950 9795
4680 1434 5800
1327 4432 9484
5738 6870 3838
9144 6335 51
4910 6804 8250
5728 312 9405
7122 8283 2181
9798 6626 3814
9404 5758 2292
503 8595 7298
229 7075 9198
862 1507 1119
5303 9754 7
7278 4835 3492
7525 4210 8076
1172 2225 8109
1168 8242 8730
5439 3040 3828
2735 3041 8655
578 5558 7730
8197 1865 3961
6442 3659 4396
3274 5544 6000
2586 5089 7775
9051 1519 779
7224 45 3773
9699 9486 770
2417 7938 418
7204 6954 6039
9634 431 5667
3551 3774 4037
1994 9192 1003
6828 9002 7069
936 2122 8475
7075 6412 196
9343 1386 4804
9185 2100 3566
7623 859 2918
9834 151 7529
7739 3453 8009
2876 4634 7210
8630 7661 8055
7685 2208 2989
5343 8911 2660
6848 7112 3889
6629 1431 2142
770 6091 1009
4133 2513 2675
2794 3775 4165
9257 7770 5332
6100 3273 2342
3882 6957 1300
7471 8857 4826
914 739 1894
2335 5624 7471
2808 4113 1392
8289 120 9929
2464 5016 52
2606 5584 6924
7587 6221 7575
2615 6147 8190
2209 1441 3344
8276 4589 6458
9450 3003 9276
7537 671 8090
3696 2514 8110
7970 6469 5524
4479 6646 1048
9174 1994 1721
6938 6429 2634
9948 3251 9951
320 5625 7455
7828 6532 5114
3296 3201 6753
8851 5952 2538
8068 4125 9700
3419 9828 8313
6912 6438 2379
5717 6902 6191
5096 9969 7611
7599 2351 6824
9617 5431 9117
2094 8815 2974
7404 4609 9856
6278 7530 7086
1278 4015 7548
6577 3421 779
7727 3561 8869
4760 4528 1084
1057 3377 340
9817 9129 7631
9559 8715 6088
9792 5061 5451
640 8157 9726
9101 5213 5884
5240 498 770
6133 8160 8725
6217 5478 4712
1445 3413 4667
3031 4900 327
7607 7763 6454
224 3237 3576
5613 3311 8799
3195 6068 860
3016 1469 2952
2667 2893 4796
7573 6992 7503
3760 6095 5776
344 6081 3428
8495 3631 8774
5612 9609 6705
4007 5389 1490
8957 1132 4739
2834 5069 636
7230 8000 6574
2188 7651 351
6952 6127 9155
4746 5807 1533
1104 5354 4923
2321 3797 3461
6004 7040 1070
5903 2086 3914
8855 6367 338
261 683 712
1080 5828 6063
1945 1681 9703
1083 3183 5813
9735 3576 7755
953 6390 6402
1245 6358 7078
3949 4137 3415
2281 3653 4591
3259 8679 2203
5744 6834 8501
8366 6796 5314
4505 1371 5880
9543 8082 5583
2300 5221 3568
7106 8420 4317
2766 1813 2670
2996 6968 8301
1797 6064 9518
8431 1228 874
9982 9503 5051
1769 8103 2982
6805 5692 1540
1262 2497 6169
5584 8684 3320
1216 406 8268
7752 7533 9309
3318 2137 1691
3386 9551 1087
4252 770 2693
3204 3138 1704
1010 871 4712
7260 2046 8467
953 7592 7579
6597 8733 7282
8849 4257 6859
6032 4241 9783
2315 1043 2262
1076 194 340
7342 2991 2568
6707 6791 7390
8527 4422 1206
3332 7385 8395
9101 6650 32
6530 5781 8784
7681 2492 8605
1885 6860 5763
7349 8043 2696
8830 3214 6429
8957 3900 9972
5291 6595 4906
6397 374 8453
8189 5900 3084
4963 9571 8945
113 1503 9003
1435 2597 5003
4626 4852 69
8979 2314 394
6114 2820 7083
6400 7038 9547
8594 173 6529
8013 2682 7783
4954 6646 9917
2665 2214 3050
8966 4222 5380
3585 4397 8218
6409 7866 4802
6509 7798 2076
4580 2190 8377
4471 6551 6642
4063 3729 228
5296 4331 9778
1230 3495 4428
4144 8446 6808
2409 7451 5997
1562 7330 570
2343 8793 1871
8929 6507 4206
5791 6190 7644
9108 9072 7844
2435 7615 4326
6166 1658 2368
2931 5606 5683
5621 8327 1428
3948 1204 7752
9673 6504 6460
2403 6992 7039
7307 9186 671
5178 5615 266
8372 4857 5330
8994 2560 9718
9648 8253 4289
9874 311 5250
3473 659 2685
8758 4342 9361
7164 2390 4769
7901 3145 8904
4157 1849 3900
4293 7680 2564
108 6196 8982
2796 4921 9494
7351 7629 9177
9158 8334 8794
2833 4984 7004
1743 7527 4483
8623 679 7689
7353 8563 255
7381 3428 2990
1900 4683 3409
4634 4116 31
793 4643 663
9833 5963 928
2142 668 93
6810 4489 5631
2263 7062 3396
1386 7880 1503
737 3528 8608
1318 5472 5034
9067 8215 3445
1775 6649 9123
5572 1451 3587
2976 6318 8492
4289 6729 9078
4412 4286 6886
8193 9379 1967
6588 5733 8926
3685 3955 8271
5930 5271 2865
5009 4232 206
2115 4717 7733
6720 8570 916
3582 3632 6761
25 5615 8499
9397 1721 7168
8219 2803 9985
1881 4431 4217
8898 2706 9160
4856 88 2454
3127 2961 2727
3909 4985 1954
2051 8227 609
1948 6815 5831
4932 4169 264
37 7479 5732
8337 7070 4317
9868 5217 7412
9309 2272 4280
9881 2034 1688
8586 7117 6712
516 3126 8936
8789 1841 8754
2148 1959 2191
3937 338 187
7685 1166 973
8893 7069 7476
2214 9199 3858
8993 5118 4840
5500 1022 5837
4438 3506 7676
123 9585 7105
7292 946 5791
5001 5977 1009
3886 3824 7514
4116 4204 9066
8570 1372 5512
3347 4988 1211
88 739 4565
462 3316 4484
8112 1956 2521
5107 8684 9407
1399 4120 9159
9901 2165 6553
2312 7691 6109
9008 2980 8380
3058 8300 3046
1202 5414 6259
6564 7988 6237
4092 1044 337
8391 8322 7740
8244 9953 2491
7952 1596 4930
8915 1093 6719
4820 9306 1879
553 2046 8194
1586 7242 5792
2286 1898 6865
8809 8108 6807
3710 6698 3814
616 3848 8505
4158 8929 8840
5820 8056 2934
4715 7074 8108
148 2136 4256
7409 9944 8219
8834 6908 4953
9390 4650 2525
566 8718 5914
4174 6630 4365
1362 7306 5969
8462 3911 3714
5484 5672 5298
3157 4882 5101
4855 6119 5097
3499 6609 2836
6140 1848 4896
9532 3978 2067
8758 1485 9523
9630 24 7849
86 9395 6514
186 7690 1991
3441 4220 5775
6808 6466 4803
7149 7395 1763
6025 7569 4262
4440 1405 5615
6016 5266 267
7445 5571 3480
7324 5493 445
2548 9059 4876
7186 8264 7037
7559 2734 5390
8398 4040 6533
8677 1634 388
3114 7843 3428
4621 5055 284
4177 8941 4611
5359 193 2478
8489 95 9830
9335 2129 161
4169 916 661
8937 1084 1790
3317 1507 2867
431 3650 3730
9600 7779 2236
5668 214 335
2754 1645 3593
1652 582 7915
8222 2246 6188
2462 6189 4161
6507 5874 7145
6788 278 9302
8685 9668 6349
6873 611 3835
8071 6152 3717
6273 2633 7186
3538 8776 4005
7901 6398 5732
3222 7973 350
7528 111 4295
9851 4465 4794
9628 4048 8490
6871 1699 6491
2542 6083 3203
7928 7437 6096
5555 9515 8117
2612 6144 1907
940 9826 6934
1866 900 4649
2794 4606 2318
7795 9657 9535
8192 8745 9824
6503 2799 1386
9245 7926 8325
1755 4087 577
5826 563 2986
7442 3402 1662
4240 4987 1656
9006 9690 90
7323 618 3458
336 2378 8428
103 6702 6844
4992 8566 849
8480 9683 1577
721 463 5059
3104 4632 4705
7375 7864 3278
1580 5659 8858
1735 6086 3533
3986 5900 943
7124 3615 2541
4372 9266 5082
6136 2513 6606
8707 2708 8487
6557 9030 2935
4982 8910 8621
4503 2477 9587
6330 3032 9713
1963 4940 1058
8541 2180 2523
5561 1561 7191
8484 4410 1124
9019 7736 4688
4783 8193 5032
5922 3398 2802
4000 3618 2857
4118 4506 9313
5934 5525 1540
5038 5028 9996
1097 1635 3326
1236 4834 9992
7649 2174 1557
2560 2642 7685
7456 1772 9459
9802 9797 4889
8706 6223 7575
7118 5170 9653
191 5676 158
297 121 1602
531 7977 6085
1807 7757 7182
9776 2197 6452
1135 3261 4725
8356 6140 5146
3244 1627 6679
791 5385 6211
3029 8456 1982
2461 6682 3997
5427 4645 649
9811 4229 7397
8212 7728 3800
7131 9776 5281
8634 4453 6842
2410 7643 3410
7990 3567 251
1800 2837 3393
1100 1662 6892
5803 5864 1080
1022 4125 5639
6015 3106 640
9895 8132 3994
3231 3828 6947
3762 1028 7292
6947 3890 2999
4402 8950 6757
8204 7617 2401
9626 2788 1880
361 7999 6835
1404 4646 8380
2400 2611 3532
3836 6419 4831
4137 6509 9477
2344 1039 9083
7054 4417 4212
1678 2323 7960
6895 5794 4364
6509 1696 6016
7338 7178 8829
4293 1447 1581
4427 1759 1829
7490 8629 4242
4811 4624 2352
7232 224 1375
2 7829 2610
3149 9137 1495
6896 3269 2209
7656 6974 945
5338 8394 5626
951 1143 3038
6547 1976 4913
9975 1031 1904
4478 4190 7886
7166 3598 5288
6765 5367 1674
1251 715 9943
6281 7110 6102
2447 8754 2799
1334 1356 4030
8876 3380 1591
9160 1884 1508
1721 5766 2875
2460 7175 9526
2749 1415 6214
2625 3132 9381
9645 6273 7147
9236 314 9353
8901 3462 485
7604 6050 4314
4290 9982 7108
9783 6023 8180
4460 4974 3036
970 772 7514
9910 5295 6247
8262 5910 4963
8758 8229 6118
4698 3055 1782
566 4061 3970
7392 829 5389
4002 8720 4207
5431 3392 6298
4695 8780 1135
8878 575 9147
9609 7623 9378
4617 7778 2247
5830 8189 4474
5636 5590 9599
5495 6977 5838
5370 7932 6510
1966 4220 3959
7013 64 1639
5439 8350 774
2742 6833 6768
2402 36 2105
5325 8824 732
8644 8612 7685
7312 2981 3163
2203 7705 8477
9115 61 2811
9082 2513 4729
3577 2379 5592
7605 6777 2414
1280 5943 7388
254 3087 9786
672 5017 2527
7702 2711 7653
2745 4761 5427
7801 3278 7267
5448 7995 3156
9929 9838 4525
5182 8377 6595
7192 5465 915
8981 7410 4982
8030 5636 9316
3060 1656 6877
7525 1727 749
981 2141 7344
2234 5393 1391
6099 1484 9931
1073 8208 2308
9196 5953 6349
8244 6910 5887
7570 9737 4363
4589 6798 1263
8204 1870 7342
7628 2550 8765
2637 6828 6119
3673 4172 2896
575 2122 9176
9010 5208 7816
3466 1991 6966
5273 7437 3694
3647 8978 6569
150 5663 1683
431 3832 6830
6261 8339 793
9350 1790 1624
1960 9683 6018
4285 3821 4220
9977 4956 7177
3441 7854 8499
2182 3402 9618
653 1353 4447
374 4070 9133
4808 1335 9374
9322 8553 9441
577 2246 8518
1584 9700 8784
79 4745 3594
3401 1940 8411
8274 9138 2508
4363 5798 3396
8017 3947 5317
1580 1760 7577
3841 3562 698
9414 6075 2173
35 5442 2379
5806 6654 1923
1851 6410 2555
6971 9056 4845
8334 9307 6923
9380 6394 8501
1115 852 642
2241 9786 343
5838 1298 993
604 5216 5970
8267 2426 8379
5554 7322 3276
5731 6075 493
1587 8642 2551
2155 9381 6154
9049 8923 5
8869 7183 254
6120 2070 9952
8996 4968 9012
1617 2600 1960
4316 2714 7242
8238 1681 4030
4201 924 8038
2152 6765 6453
7795 531 5444
9287 8925 1514
1405 9304 3842
1957 6428 3317
3658 5305 8543
6739 4633 3409
7625 7431 110
7974 6056 1957
4385 9451 3844
5473 529 2618
9234 4808 3564
3101 9454 4952
6406 9686 8144
3990 7041 1698
3641 9086 795
8123 8113 8431
8969 6826 3291
2153 7969 1012
6701 2620 8995
3725 6556 62
2245 2671 4823
8838 6801 1195
5783 3168 3219
6287 8453 3975
6078 5931 136
2079 6911 5787
7558 3364 5476
7701 7006 986
8459 5726 8749
209 512 6210
7974 7445 9596
6710 911 1641
9067 7883 4816
6899 4883 4367
414 6986 8264
1904 5809 6604
6043 6599 3724
2361 1327 6623
4780 2729 8180
1147 3773 5063
8980 2058 5848
1410 4216 6227
696 6617 6885
3760 9153 9389
4112 2611 3028
5860 2413 8653
9528 5878 9879
6142 4978 4283
7949 1067 4883
1138 9741 5189
1801 2487 7342
4116 397 8868
4342 9750 7665
9405 346 5986
6326 9230 2025
8812 6394 7182
2623 8510 1286
5161 6021 6854
4527 8051 1400
1592 2917 1267
2417 8918 2867
1191 5776 102
2573 4878 2984
7073 840 2802
1103 6115 2298
3908 7193 3861
2433 9367 3684
7531 4926 3442
760 5817 5021
3302 8521 570
7071 6824 5846
369 5312 6368
4638 9839 7512
8103 174 4676
5400 7480 5620
3567 243 8947
5990 883 504
8322 565 7053
457 4472 8335
8785 1149 8408
387 2789 272
9245 9900 4200
7470 3545 9757
3310 9302 5189
2276 7533 5628
6881 623 6699
5853 1256 8004
7751 2761 7485
1375 4296 2915
7774 8168 3713
864 9939 5925
4368 5196 8734
292 7537 6815
9337 1945 483
586 23 4220
8391 7505 8141
5177 143 1372
1999 2779 6568
8874 2527 9342
9852 4568 2690
5268 7291 5235
260 3064 8227
7825 7155 6914
7649 4913 5462
330 1393 6246
9689 1586 6938
8296 6546 6574
8616 9442 5079
8626 3017 1572
3986 3946 5644
3117 8852 1157
5285 2320 8063
6387 2878 4647
2168 4141 6153
3450 2156 4489
5145 5360 1864
7215 4222 5442
706 8041 4902
5942 2349 7822
3195 5910 9093
7105 3822 4314
5901 9459 6873
3067 8064 1504
7177 8442 1717
8539 5229 109
5376 1912 9214
4581 7925 198
9691 5504 6803
6167 9265 7241
9199 7143 4553
9051 4333 2871
6783 7619 1675
9826 9145 3088
7592 2129 8990
8936 4659 6508
3394 5560 292
3521 3448 9313
1978 46 3620
5435 3046 5861
7524 8525 2144
2976 9612 897
